,날짜,스크린수,스크린점유율,상영횟수,상영점유율,좌석수,좌석점유율,좌석판매율,매출액,매출액증감(전일대비),관객수,관객수증감(전일대비),누적매출액,누적관객수,순위,영화이름
0,2019-07-17,1856,0.325,9869,0.514,1761975,0.591,0.173,2644522480,2636944480 ( 34797.4% ),304793,303951 ( 36098.7% ),2675704480,307407,1,099_라이온 킹.xlsx
1,2019-07-18,1854,0.314,9698,0.508,1732705,0.584,0.137,2063536110,-580986370 ( -22.0% ),237335,-67458 ( -22.1% ),4739240590,544742,1,099_라이온 킹.xlsx
2,2019-07-19,1856,0.313,9953,0.508,1790447,0.588,0.17,2863559970,800023860 ( 38.8% ),303882,66547 ( 28.0% ),7602800560,848624,1,099_라이온 킹.xlsx
3,2019-07-20,1936,0.298,10421,0.511,1856284,0.589,0.4,6805383840,3941823870 ( 137.7% ),742451,438569 ( 144.3% ),14408184400,1591075,1,099_라이온 킹.xlsx
4,2019-07-21,1908,0.294,10061,0.503,1795484,0.581,0.381,6192418960,-612964880 ( -9.0% ),684481,-57970 ( -7.8% ),20600603360,2275556,1,099_라이온 킹.xlsx
5,2019-07-22,1699,0.297,8642,0.464,1564395,0.54,0.109,1447229670,-4745189290 ( -76.6% ),170260,-514221 ( -75.1% ),22047833030,2445816,1,099_라이온 킹.xlsx
6,2019-07-23,1695,0.288,8578,0.457,1557667,0.535,0.102,1334723200,-112506470 ( -7.8% ),159050,-11210 ( -6.6% ),23382556230,2604866,1,099_라이온 킹.xlsx
7,2019-07-24,1151,0.202,4982,0.253,864953,0.282,0.149,1079731330,-254991870 ( -19.1% ),129149,-29901 ( -18.8% ),24462287560,2734015,2,099_라이온 킹.xlsx
8,2019-07-25,1192,0.19,4975,0.251,860579,0.28,0.157,1117822760,38091430 ( 3.5% ),135248,6099 ( 4.7% ),25580110320,2869263,1,099_라이온 킹.xlsx
9,2019-07-26,1234,0.192,5270,0.262,914722,0.293,0.172,1439350760,321528000 ( 28.8% ),157525,22277 ( 16.5% ),27019461080,3026788,1,099_라이온 킹.xlsx
10,2019-07-27,1404,0.205,6072,0.292,1075670,0.334,0.333,3284932690,1845581930 ( 128.2% ),357814,200289 ( 127.1% ),30304393770,3384602,1,099_라이온 킹.xlsx
11,2019-07-28,1435,0.209,6030,0.295,1068897,0.338,0.301,2928463010,-356469680 ( -10.9% ),322091,-35723 ( -10.0% ),33232856780,3706693,1,099_라이온 킹.xlsx
12,2019-07-29,1281,0.203,5698,0.291,1037390,0.341,0.154,1296346070,-1632116940 ( -55.7% ),160017,-162074 ( -50.3% ),34529202850,3866710,1,099_라이온 킹.xlsx
13,2019-07-30,1311,0.202,5674,0.29,1031435,0.34,0.144,1196005870,-100340200 ( -7.7% ),148635,-11382 ( -7.1% ),35725208720,4015345,1,099_라이온 킹.xlsx
14,2019-07-31,761,0.116,1974,0.093,256635,0.078,0.492,811749080,-384256790 ( -32.1% ),126217,-22418 ( -15.1% ),36536957800,4141562,4,099_라이온 킹.xlsx
15,2019-08-01,814,0.126,2027,0.094,267408,0.08,0.328,675241580,-136507500 ( -16.8% ),87784,-38433 ( -30.4% ),37212199380,4229346,4,099_라이온 킹.xlsx
16,2019-08-02,825,0.123,2130,0.098,281522,0.083,0.285,678469400,3227820 ( 0.5% ),80277,-7507 ( -8.6% ),37890668780,4309623,4,099_라이온 킹.xlsx
17,2019-08-03,839,0.123,2153,0.097,283908,0.082,0.364,894040570,215571170 ( 31.8% ),103250,22973 ( 28.6% ),38784709350,4412873,4,099_라이온 킹.xlsx
18,2019-08-04,840,0.123,2112,0.096,279482,0.082,0.312,758025210,-136015360 ( -15.2% ),87321,-15929 ( -15.4% ),39542734560,4500194,4,099_라이온 킹.xlsx
19,2019-08-05,777,0.122,2101,0.1,287787,0.087,0.144,331897670,-426127540 ( -56.2% ),41305,-46016 ( -52.7% ),39874632230,4541499,5,099_라이온 킹.xlsx
20,2019-08-06,811,0.125,2054,0.098,281784,0.086,0.141,320011640,-11886030 ( -3.6% ),39682,-1623 ( -3.9% ),40194643870,4581181,4,099_라이온 킹.xlsx
21,2019-08-07,443,0.065,749,0.036,91057,0.028,0.207,147273770,-172737870 ( -54.0% ),18874,-20808 ( -52.4% ),40341917640,4600055,8,099_라이온 킹.xlsx
22,2019-08-08,426,0.06,698,0.034,86539,0.027,0.18,123119270,-24154500 ( -16.4% ),15596,-3278 ( -17.4% ),40465036910,4615651,8,099_라이온 킹.xlsx
23,2019-08-09,430,0.06,664,0.031,83822,0.026,0.18,127189740,4070470 ( 3.3% ),15053,-543 ( -3.5% ),40592226650,4630704,8,099_라이온 킹.xlsx
24,2019-08-10,432,0.06,652,0.03,81808,0.025,0.347,243369330,116179590 ( 91.3% ),28406,13353 ( 88.7% ),40835595980,4659110,8,099_라이온 킹.xlsx
25,2019-08-11,412,0.057,613,0.029,77194,0.024,0.326,215888160,-27481170 ( -11.3% ),25137,-3269 ( -11.5% ),41051484140,4684247,8,099_라이온 킹.xlsx
26,2019-08-12,384,0.057,624,0.031,79233,0.025,0.13,77813240,-138074920 ( -64.0% ),10281,-14856 ( -59.1% ),41129297380,4694528,7,099_라이온 킹.xlsx
27,2019-08-13,397,0.057,634,0.031,80098,0.025,0.137,82597380,4784140 ( 6.1% ),10961,680 ( 6.6% ),41211894760,4705489,7,099_라이온 킹.xlsx
28,2019-08-14,147,0.023,191,0.009,23214,0.007,0.18,32408150,-50189230 ( -60.8% ),4170,-6791 ( -62.0% ),41244302910,4709659,12,099_라이온 킹.xlsx
29,2019-08-15,112,0.016,140,0.007,16633,0.005,0.519,71530130,39121980 ( 120.7% ),8638,4468 ( 107.1% ),41315833040,4718297,13,099_라이온 킹.xlsx
30,2019-08-16,117,0.017,143,0.007,17525,0.006,0.19,27780200,-43749930 ( -61.2% ),3337,-5301 ( -61.4% ),41343613240,4721634,13,099_라이온 킹.xlsx
31,2019-08-17,116,0.017,146,0.007,17397,0.005,0.301,44441500,16661300 ( 60.0% ),5230,1893 ( 56.7% ),41388054740,4726864,13,099_라이온 킹.xlsx
32,2019-08-18,111,0.016,140,0.007,16895,0.005,0.263,38157380,-6284120 ( -14.1% ),4437,-793 ( -15.2% ),41426212120,4731301,13,099_라이온 킹.xlsx
33,2019-08-19,112,0.018,143,0.008,17355,0.006,0.127,16700380,-21457000 ( -56.2% ),2202,-2235 ( -50.4% ),41442912500,4733503,11,099_라이온 킹.xlsx
34,2019-08-20,101,0.016,125,0.007,15392,0.005,0.13,15203240,-1497140 ( -9.0% ),2006,-196 ( -8.9% ),41458115740,4735509,12,099_라이온 킹.xlsx
35,2019-08-21,41,0.007,48,0.002,6371,0.002,0.14,6480720,-8722520 ( -57.4% ),893,-1113 ( -55.5% ),41464596460,4736402,17,099_라이온 킹.xlsx
36,2019-08-22,33,0.005,36,0.002,4769,0.002,0.164,5333000,-1147720 ( -17.7% ),782,-111 ( -12.4% ),41469929460,4737184,22,099_라이온 킹.xlsx
37,2019-08-23,34,0.006,38,0.002,5030,0.002,0.133,5027860,-305140 ( -5.7% ),668,-114 ( -14.6% ),41474957320,4737852,21,099_라이온 킹.xlsx
38,2019-08-24,49,0.007,62,0.003,8285,0.003,0.24,17211180,12183320 ( 242.3% ),1990,1322 ( 197.9% ),41492168500,4739842,16,099_라이온 킹.xlsx
39,2019-08-25,54,0.008,64,0.003,8668,0.003,0.216,15929890,-1281290 ( -7.4% ),1870,-120 ( -6.0% ),41508098390,4741712,16,099_라이온 킹.xlsx
40,2019-08-26,25,0.004,30,0.002,4750,0.002,0.061,2290540,-13639350 ( -85.6% ),291,-1579 ( -84.4% ),41510388930,4742003,32,099_라이온 킹.xlsx
41,2019-08-27,27,0.005,31,0.002,4838,0.002,0.073,2579760,289220 ( 12.6% ),354,63 ( 21.6% ),41512968690,4742357,27,099_라이온 킹.xlsx
42,2019-08-28,4,0.001,4,0.0,482,0.0,0.205,595480,-1984280 ( -76.9% ),99,-255 ( -72.0% ),41513564170,4742456,60,099_라이온 킹.xlsx
43,2019-08-29,5,0.001,5,0.0,535,0.0,0.26,837980,242500 ( 40.7% ),139,40 ( 40.4% ),41514402150,4742595,46,099_라이온 킹.xlsx
44,2019-08-30,4,0.001,4,0.0,454,0.0,0.156,481500,-356480 ( -42.5% ),71,-68 ( -48.9% ),41514883650,4742666,54,099_라이온 킹.xlsx
45,2019-08-31,7,0.001,7,0.0,745,0.0,0.166,1049000,567500 ( 117.9% ),124,53 ( 74.6% ),41515932650,4742790,53,099_라이온 킹.xlsx
46,2019-09-01,7,0.001,7,0.0,745,0.0,0.232,1538280,489280 ( 46.6% ),173,49 ( 39.5% ),41517470930,4742963,39,099_라이온 킹.xlsx
47,2019-09-02,2,0.0,3,0.0,381,0.0,0.047,164800,-1373480 ( -89.3% ),18,-155 ( -89.6% ),41517635730,4742981,59,099_라이온 킹.xlsx
48,2019-09-03,2,0.0,3,0.0,381,0.0,0.039,128000,-36800 ( -22.3% ),15,-3 ( -16.7% ),41517763730,4742996,73,099_라이온 킹.xlsx
49,2019-09-04,1,0.0,1,0.0,177,0.0,0.04,60500,-67500 ( -52.7% ),7,-8 ( -53.3% ),41517824230,4743003,87,099_라이온 킹.xlsx
50,2019-09-05,1,0.0,1,0.0,177,0.0,0.068,82300,21800 ( 36.0% ),12,5 ( 71.4% ),41517906530,4743015,84,099_라이온 킹.xlsx
51,2019-09-06,1,0.0,1,0.0,177,0.0,0.051,65500,-16800 ( -20.4% ),9,-3 ( -25.0% ),41517972030,4743024,86,099_라이온 킹.xlsx
52,2019-09-07,2,0.0,2,0.0,199,0.0,0.126,188800,123300 ( 188.2% ),25,16 ( 177.8% ),41518160830,4743049,76,099_라이온 킹.xlsx
53,2019-09-08,3,0.0,3,0.0,376,0.0,0.354,796600,607800 ( 321.9% ),133,108 ( 432.0% ),41518957430,4743182,51,099_라이온 킹.xlsx
54,2019-09-09,1,0.0,1,0.0,177,0.0,0.011,20000,-776600 ( -97.5% ),2,-131 ( -98.5% ),41518977430,4743184,103,099_라이온 킹.xlsx
55,2019-12-03,1,0.0,1,0.0,99,0.0,0.808,480000,480000 ( 100.0% ),80,80 ( 100.0% ),41519457430,4743264,58,099_라이온 킹.xlsx
56,2020-10-05,1,0.0,1,0.0,229,0.0,0.017,32000,32000 ( 100.0% ),4,4 ( 100.0% ),41519489430,4743268,72,099_라이온 킹.xlsx
57,2020-10-06,1,0.0,1,0.0,96,0.0,0.031,27000,-5000 ( -15.6% ),3,-1 ( -25.0% ),41519516430,4743271,71,099_라이온 킹.xlsx
58,2020-10-07,1,0.0,1,0.0,96,0.0,0.01,9000,-18000 ( -66.7% ),1,-2 ( -66.7% ),41519525430,4743272,88,099_라이온 킹.xlsx
59,2020-10-08,1,0.0,1,0.0,96,0.0,0.01,9000,0 ( 0.0% ),1,0 ( 0.0% ),41519534430,4743273,91,099_라이온 킹.xlsx
60,2020-10-09,1,0.0,1,0.0,96,0.0,0.135,117000,108000 ( 1200.0% ),13,12 ( 1200.0% ),41519651430,4743286,76,099_라이온 킹.xlsx
61,2020-10-10,1,0.0,1,0.0,96,0.0,0.042,36000,-81000 ( -69.2% ),4,-9 ( -69.2% ),41519687430,4743290,91,099_라이온 킹.xlsx
62,2020-10-11,1,0.0,1,0.0,96,0.0,0.052,45000,9000 ( 25.0% ),5,1 ( 25.0% ),41519732430,4743295,80,099_라이온 킹.xlsx
