,날짜,스크린수,스크린점유율,상영횟수,상영점유율,좌석수,좌석점유율,좌석판매율,매출액,매출액증감(전일대비),관객수,관객수증감(전일대비),누적매출액,누적관객수,순위,영화이름
0,2015-07-30,1199,0.284,6264,0.396,1172021,0.452,0.403,3606583800,3606583800 ( 100.0% ),471801,471801 ( 100.0% ),3616111800,473052,1,058_미션임파서블 로그네이션.xlsx
1,2015-07-31,1174,0.272,6114,0.383,1150897,0.44,0.434,4034137128,427553328 ( 11.9% ),498924,27123 ( 5.7% ),7650248928,971976,1,058_미션임파서블 로그네이션.xlsx
2,2015-08-01,1202,0.278,6302,0.38,1162481,0.427,0.659,6213470156,2179333028 ( 54.0% ),766502,267578 ( 53.6% ),13863719084,1738478,1,058_미션임파서블 로그네이션.xlsx
3,2015-08-02,1189,0.273,6111,0.373,1134697,0.422,0.638,5873827100,-339643056 ( -5.5% ),724126,-42376 ( -5.5% ),19737546184,2462604,1,058_미션임파서블 로그네이션.xlsx
4,2015-08-03,1151,0.272,5965,0.373,1104113,0.421,0.413,3501244800,-2372582300 ( -40.4% ),455542,-268584 ( -37.1% ),23238790984,2918146,1,058_미션임파서블 로그네이션.xlsx
5,2015-08-04,1160,0.266,5830,0.366,1078786,0.413,0.362,2986924600,-514320200 ( -14.7% ),390866,-64676 ( -14.2% ),26225715584,3309012,1,058_미션임파서블 로그네이션.xlsx
6,2015-08-05,834,0.192,3964,0.248,692918,0.263,0.367,1958819900,-1028104700 ( -34.4% ),254325,-136541 ( -34.9% ),28184535484,3563337,3,058_미션임파서블 로그네이션.xlsx
7,2015-08-06,828,0.188,3915,0.244,673063,0.255,0.321,1666628700,-292191200 ( -14.9% ),215986,-38339 ( -15.1% ),29851164184,3779323,3,058_미션임파서블 로그네이션.xlsx
8,2015-08-07,809,0.178,3862,0.237,662995,0.247,0.353,1916063118,249434418 ( 15.0% ),234309,18323 ( 8.5% ),31767227302,4013632,3,058_미션임파서블 로그네이션.xlsx
9,2015-08-08,818,0.176,3777,0.228,639901,0.234,0.581,3054119305,1138056187 ( 59.4% ),371649,137340 ( 58.6% ),34821346607,4385281,3,058_미션임파서블 로그네이션.xlsx
10,2015-08-09,794,0.174,3652,0.224,618852,0.23,0.543,2747173500,-306945805 ( -10.1% ),336008,-35641 ( -9.6% ),37568520107,4721289,3,058_미션임파서블 로그네이션.xlsx
11,2015-08-10,759,0.175,3496,0.223,582439,0.225,0.211,943871100,-1803302400 ( -65.6% ),123005,-213003 ( -63.4% ),38512391207,4844294,3,058_미션임파서블 로그네이션.xlsx
12,2015-08-11,769,0.171,3407,0.217,558803,0.215,0.197,841427600,-102443500 ( -10.9% ),109911,-13094 ( -10.6% ),39353818807,4954205,3,058_미션임파서블 로그네이션.xlsx
13,2015-08-12,742,0.168,3374,0.214,549358,0.211,0.189,797886800,-43540800 ( -5.2% ),103811,-6100 ( -5.5% ),40151705607,5058016,3,058_미션임파서블 로그네이션.xlsx
14,2015-08-13,481,0.103,1930,0.119,276343,0.103,0.318,661595100,-136291700 ( -17.1% ),87809,-16002 ( -15.4% ),40813300707,5145825,3,058_미션임파서블 로그네이션.xlsx
15,2015-08-14,497,0.099,1919,0.114,270211,0.098,0.582,1254588600,592993500 ( 89.6% ),157394,69585 ( 79.2% ),42067889307,5303219,3,058_미션임파서블 로그네이션.xlsx
16,2015-08-15,499,0.096,1878,0.112,265719,0.096,0.654,1390227100,135638500 ( 10.8% ),173747,16353 ( 10.4% ),43458116407,5476966,3,058_미션임파서블 로그네이션.xlsx
17,2015-08-16,500,0.096,1834,0.112,261093,0.096,0.529,1105706700,-284520400 ( -20.5% ),138199,-35548 ( -20.5% ),44563823107,5615165,3,058_미션임파서블 로그네이션.xlsx
18,2015-08-17,459,0.102,1802,0.117,268066,0.105,0.202,409675600,-696031100 ( -62.9% ),54245,-83954 ( -60.7% ),44973498707,5669410,3,058_미션임파서블 로그네이션.xlsx
19,2015-08-18,460,0.1,1802,0.116,268102,0.105,0.182,366260200,-43415400 ( -10.6% ),48801,-5444 ( -10.0% ),45339758907,5718211,3,058_미션임파서블 로그네이션.xlsx
20,2015-08-19,455,0.099,1780,0.116,266905,0.105,0.163,328701200,-37559000 ( -10.3% ),43516,-5285 ( -10.8% ),45668460107,5761727,4,058_미션임파서블 로그네이션.xlsx
21,2015-08-20,333,0.07,846,0.053,117245,0.045,0.217,193135500,-135565700 ( -41.2% ),25431,-18085 ( -41.6% ),45861595607,5787158,6,058_미션임파서블 로그네이션.xlsx
22,2015-08-21,334,0.071,837,0.052,114473,0.043,0.274,255929900,62794400 ( 32.5% ),31397,5966 ( 23.5% ),46117525507,5818555,5,058_미션임파서블 로그네이션.xlsx
23,2015-08-22,354,0.071,818,0.049,109292,0.04,0.483,432165300,176235400 ( 68.9% ),52839,21442 ( 68.3% ),46549690807,5871394,5,058_미션임파서블 로그네이션.xlsx
24,2015-08-23,356,0.072,811,0.05,109387,0.041,0.467,416439700,-15725600 ( -3.6% ),51079,-1760 ( -3.3% ),46966130507,5922473,7,058_미션임파서블 로그네이션.xlsx
25,2015-08-24,327,0.073,818,0.054,115610,0.046,0.165,144939400,-271500300 ( -65.2% ),19050,-32029 ( -62.7% ),47111069907,5941523,5,058_미션임파서블 로그네이션.xlsx
26,2015-08-25,340,0.074,819,0.055,115956,0.047,0.184,162127200,17187800 ( 11.9% ),21301,2251 ( 11.8% ),47273197107,5962824,5,058_미션임파서블 로그네이션.xlsx
27,2015-08-26,354,0.076,853,0.057,120947,0.049,0.209,163427700,1300500 ( 0.8% ),25237,3936 ( 18.5% ),47436624807,5988061,5,058_미션임파서블 로그네이션.xlsx
28,2015-08-27,234,0.052,544,0.035,77848,0.031,0.155,92105600,-71322100 ( -43.6% ),12044,-13193 ( -52.3% ),47528730407,6000105,7,058_미션임파서블 로그네이션.xlsx
29,2015-08-28,241,0.053,551,0.035,78913,0.03,0.199,129182600,37077000 ( 40.3% ),15711,3667 ( 30.4% ),47657913007,6015816,7,058_미션임파서블 로그네이션.xlsx
30,2015-08-29,252,0.051,550,0.034,74790,0.028,0.423,260344200,131161600 ( 101.5% ),31647,15936 ( 101.4% ),47918257207,6047463,7,058_미션임파서블 로그네이션.xlsx
31,2015-08-30,248,0.051,531,0.033,72739,0.028,0.392,232413200,-27931000 ( -10.7% ),28486,-3161 ( -10.0% ),48150670407,6075949,8,058_미션임파서블 로그네이션.xlsx
32,2015-08-31,232,0.054,536,0.036,78181,0.032,0.132,78386000,-154027200 ( -66.3% ),10337,-18149 ( -63.7% ),48229056407,6086286,7,058_미션임파서블 로그네이션.xlsx
33,2015-09-01,232,0.053,534,0.036,77920,0.032,0.108,63469700,-14916300 ( -19.0% ),8392,-1945 ( -18.8% ),48292526107,6094678,7,058_미션임파서블 로그네이션.xlsx
34,2015-09-02,235,0.054,536,0.037,79550,0.033,0.106,62965900,-503800 ( -0.8% ),8403,11 ( 0.1% ),48355492007,6103081,7,058_미션임파서블 로그네이션.xlsx
35,2015-09-03,94,0.02,127,0.008,17755,0.007,0.105,14558700,-48407200 ( -76.9% ),1873,-6530 ( -77.7% ),48370050707,6104954,16,058_미션임파서블 로그네이션.xlsx
36,2015-09-04,97,0.021,128,0.008,18012,0.007,0.139,21023100,6464400 ( 44.4% ),2501,628 ( 33.5% ),48391073807,6107455,13,058_미션임파서블 로그네이션.xlsx
37,2015-09-05,87,0.017,125,0.008,16363,0.006,0.337,46951800,25928700 ( 123.3% ),5512,3011 ( 120.4% ),48438025607,6112967,12,058_미션임파서블 로그네이션.xlsx
38,2015-09-06,85,0.017,119,0.007,15818,0.006,0.285,37623900,-9327900 ( -19.9% ),4505,-1007 ( -18.3% ),48475649507,6117472,14,058_미션임파서블 로그네이션.xlsx
39,2015-09-07,91,0.02,120,0.008,16916,0.007,0.088,11563500,-26060400 ( -69.3% ),1487,-3018 ( -67.0% ),48487213007,6118959,14,058_미션임파서블 로그네이션.xlsx
40,2015-09-08,88,0.019,116,0.008,16119,0.007,0.075,9178300,-2385200 ( -20.6% ),1214,-273 ( -18.4% ),48496391307,6120173,14,058_미션임파서블 로그네이션.xlsx
41,2015-09-09,88,0.019,115,0.008,15974,0.007,0.083,9644400,466100 ( 5.1% ),1318,104 ( 8.6% ),48506035707,6121491,15,058_미션임파서블 로그네이션.xlsx
42,2015-09-10,24,0.005,33,0.002,5654,0.002,0.084,3746500,-5897900 ( -61.2% ),474,-844 ( -64.0% ),48509782207,6121965,27,058_미션임파서블 로그네이션.xlsx
43,2015-09-11,23,0.005,31,0.002,5334,0.002,0.119,5398200,1651700 ( 44.1% ),634,160 ( 33.8% ),48515180407,6122599,23,058_미션임파서블 로그네이션.xlsx
44,2015-09-12,25,0.005,33,0.002,5249,0.002,0.263,11863300,6465100 ( 119.8% ),1381,747 ( 117.8% ),48527043707,6123980,20,058_미션임파서블 로그네이션.xlsx
45,2015-09-13,24,0.005,30,0.002,4637,0.002,0.25,9815400,-2047900 ( -17.3% ),1157,-224 ( -16.2% ),48536859107,6125137,20,058_미션임파서블 로그네이션.xlsx
46,2015-09-14,26,0.006,33,0.002,5490,0.002,0.069,3003000,-6812400 ( -69.4% ),379,-778 ( -67.2% ),48539862107,6125516,25,058_미션임파서블 로그네이션.xlsx
47,2015-09-15,24,0.005,30,0.002,5083,0.002,0.066,2569500,-433500 ( -14.4% ),334,-45 ( -11.9% ),48542431607,6125850,32,058_미션임파서블 로그네이션.xlsx
48,2015-09-23,6,0.002,6,0.0,674,0.0,0.022,100500,100500 ( 100.0% ),15,15 ( 100.0% ),48542532107,6125865,74,058_미션임파서블 로그네이션.xlsx
49,2015-09-24,6,0.001,6,0.0,688,0.0,0.023,115500,15000 ( 14.9% ),16,1 ( 6.7% ),48542647607,6125881,61,058_미션임파서블 로그네이션.xlsx
50,2015-09-25,6,0.001,6,0.0,643,0.0,0.016,60000,-55500 ( -48.1% ),10,-6 ( -37.5% ),48542707607,6125891,59,058_미션임파서블 로그네이션.xlsx
51,2015-09-26,5,0.001,5,0.0,524,0.0,0.029,105000,45000 ( 75.0% ),15,5 ( 50.0% ),48542812607,6125906,56,058_미션임파서블 로그네이션.xlsx
52,2015-09-27,5,0.001,5,0.0,524,0.0,0.017,55000,-50000 ( -47.6% ),9,-6 ( -40.0% ),48542867607,6125915,60,058_미션임파서블 로그네이션.xlsx
53,2015-09-28,5,0.001,5,0.0,524,0.0,0.078,337000,282000 ( 512.7% ),41,32 ( 355.6% ),48543204607,6125956,39,058_미션임파서블 로그네이션.xlsx
54,2015-09-29,5,0.001,5,0.0,524,0.0,0.034,134000,-203000 ( -60.2% ),18,-23 ( -56.1% ),48543338607,6125974,52,058_미션임파서블 로그네이션.xlsx
55,2015-09-30,6,0.001,6,0.0,666,0.0,0.033,146500,12500 ( 9.3% ),22,4 ( 22.2% ),48543485107,6125996,50,058_미션임파서블 로그네이션.xlsx
56,2015-10-01,4,0.001,4,0.0,378,0.0,0.021,48000,-98500 ( -67.2% ),8,-14 ( -63.6% ),48543533107,6126004,58,058_미션임파서블 로그네이션.xlsx
57,2015-10-02,5,0.001,5,0.0,848,0.0,0.495,3355000,3307000 ( 6889.6% ),420,412 ( 5150.0% ),48546888107,6126424,18,058_미션임파서블 로그네이션.xlsx
58,2015-10-03,4,0.001,4,0.0,440,0.0,0.064,226000,-3129000 ( -93.3% ),28,-392 ( -93.3% ),48547114107,6126452,50,058_미션임파서블 로그네이션.xlsx
59,2015-10-04,4,0.001,4,0.0,440,0.0,0.016,46500,-179500 ( -79.4% ),7,-21 ( -75.0% ),48547160607,6126459,60,058_미션임파서블 로그네이션.xlsx
60,2015-10-05,3,0.001,3,0.0,327,0.0,0.012,23000,-23500 ( -50.5% ),4,-3 ( -42.9% ),48547183607,6126463,62,058_미션임파서블 로그네이션.xlsx
61,2015-10-06,2,0.0,2,0.0,503,0.0,0.014,41000,18000 ( 78.3% ),7,3 ( 75.0% ),48547224607,6126470,67,058_미션임파서블 로그네이션.xlsx
62,2015-10-07,4,0.001,4,0.0,391,0.0,0.02,55000,14000 ( 34.1% ),8,1 ( 14.3% ),48547279607,6126478,66,058_미션임파서블 로그네이션.xlsx
63,2015-10-19,1,0.0,1,0.0,82,0.0,0.049,30000,30000 ( 100.0% ),4,4 ( 100.0% ),48547309607,6126482,90,058_미션임파서블 로그네이션.xlsx
64,2015-10-21,1,0.0,1,0.0,82,0.0,0.073,44000,44000 ( 100.0% ),6,6 ( 100.0% ),48547353607,6126488,83,058_미션임파서블 로그네이션.xlsx
65,2015-11-13,1,0.0,1,0.0,99,0.0,0.0,0,0 ( 0.0% ),0,0 ( 0.0% ),48547353607,6126488,97,058_미션임파서블 로그네이션.xlsx
66,2015-12-07,1,0.0,1,0.0,124,0.0,0.0,0,0 ( 0.0% ),0,0 ( 0.0% ),48547353607,6126488,88,058_미션임파서블 로그네이션.xlsx
67,2016-06-01,1,0.0,1,0.0,256,0.0,0.0,0,0 ( 0.0% ),0,0 ( 0.0% ),48547353607,6126488,114,058_미션임파서블 로그네이션.xlsx
