,날짜,스크린수,스크린점유율,상영횟수,상영점유율,좌석수,좌석점유율,좌석판매율,매출액,매출액증감(전일대비),관객수,관객수증감(전일대비),누적매출액,누적관객수,순위,영화이름
0,2018-12-19,993,0.157,3839,0.222,641605,0.238,0.227,1229668100,1184647100 ( 2631.3% ),145383,140124 ( 2664.5% ),1280267100,151184,2,087_아쿠아맨.xlsx
1,2018-12-20,1060,0.164,3916,0.227,648663,0.241,0.204,1108854100,-120814000 ( -9.8% ),132636,-12747 ( -8.8% ),2389121200,283820,2,087_아쿠아맨.xlsx
2,2018-12-21,1114,0.17,4146,0.235,690561,0.25,0.263,1632638131,523784031 ( 47.2% ),181806,49170 ( 37.1% ),4021759331,465626,2,087_아쿠아맨.xlsx
3,2018-12-22,1192,0.172,4691,0.247,792449,0.269,0.478,3501067267,1868429136 ( 114.4% ),378681,196875 ( 108.3% ),7522826598,844307,1,087_아쿠아맨.xlsx
4,2018-12-23,1272,0.182,4918,0.261,842234,0.288,0.482,3743790200,242722933 ( 6.9% ),405753,27072 ( 7.1% ),11266616798,1250060,1,087_아쿠아맨.xlsx
5,2018-12-24,1285,0.173,4899,0.256,861760,0.289,0.399,2900481900,-843308300 ( -22.5% ),343758,-61995 ( -15.3% ),14167098698,1593818,1,087_아쿠아맨.xlsx
6,2018-12-25,1174,0.158,4283,0.214,752160,0.24,0.675,4561138450,1660656550 ( 57.3% ),507940,164182 ( 47.8% ),18728237148,2101758,1,087_아쿠아맨.xlsx
7,2018-12-26,985,0.149,3230,0.175,535472,0.184,0.313,1079765400,-3481373050 ( -76.3% ),167392,-340548 ( -67.0% ),19808002548,2269150,2,087_아쿠아맨.xlsx
8,2018-12-27,1009,0.151,3434,0.186,584514,0.201,0.194,926499750,-153265650 ( -14.2% ),113341,-54051 ( -32.3% ),20734502298,2382491,2,087_아쿠아맨.xlsx
9,2018-12-28,1092,0.158,3791,0.2,653667,0.22,0.233,1368491987,441992237 ( 47.7% ),152165,38824 ( 34.3% ),22102994285,2534656,2,087_아쿠아맨.xlsx
10,2018-12-29,1159,0.158,4328,0.22,774055,0.252,0.417,2905850946,1537358959 ( 112.3% ),322870,170705 ( 112.2% ),25008845231,2857526,1,087_아쿠아맨.xlsx
11,2018-12-30,1168,0.162,4416,0.227,797246,0.263,0.435,3117421850,211570904 ( 7.3% ),346637,23767 ( 7.4% ),28126267081,3204163,1,087_아쿠아맨.xlsx
12,2018-12-31,1161,0.168,4590,0.237,851745,0.283,0.338,2328025300,-789396550 ( -25.3% ),287694,-58943 ( -17.0% ),30454292381,3491857,1,087_아쿠아맨.xlsx
13,2019-01-01,1158,0.162,4594,0.236,885015,0.293,0.434,3482411050,1154385750 ( 49.6% ),384106,96412 ( 33.5% ),33936703431,3875963,1,087_아쿠아맨.xlsx
14,2019-01-02,1110,0.164,4364,0.237,843025,0.295,0.125,873960050,-2608451000 ( -74.9% ),105089,-279017 ( -72.6% ),34810663481,3981052,1,087_아쿠아맨.xlsx
15,2019-01-03,1074,0.153,3853,0.208,746033,0.259,0.109,664994950,-208965100 ( -23.9% ),81399,-23690 ( -22.5% ),35475658431,4062451,2,087_아쿠아맨.xlsx
16,2019-01-04,1094,0.156,3956,0.211,767292,0.262,0.123,849423421,184428471 ( 27.7% ),94390,12991 ( 16.0% ),36325081852,4156841,2,087_아쿠아맨.xlsx
17,2019-01-05,1123,0.145,4004,0.206,767555,0.254,0.273,1904787577,1055364156 ( 124.2% ),209224,114834 ( 121.7% ),38229869429,4366065,2,087_아쿠아맨.xlsx
18,2019-01-06,1121,0.145,3874,0.204,735981,0.248,0.242,1615337400,-289450177 ( -15.2% ),178306,-30918 ( -14.8% ),39845206829,4544371,2,087_아쿠아맨.xlsx
19,2019-01-07,1083,0.16,3733,0.212,702541,0.254,0.086,501140000,-1114197400 ( -69.0% ),60679,-117627 ( -66.0% ),40346346829,4605050,2,087_아쿠아맨.xlsx
20,2019-01-08,1086,0.157,3720,0.211,706217,0.255,0.084,488214950,-12925050 ( -2.6% ),59260,-1419 ( -2.3% ),40834561779,4664310,2,087_아쿠아맨.xlsx
21,2019-01-09,749,0.123,2423,0.137,404067,0.146,0.101,339313050,-148901900 ( -30.5% ),40815,-18445 ( -31.1% ),41173874829,4705125,4,087_아쿠아맨.xlsx
22,2019-01-10,722,0.107,2119,0.116,348424,0.122,0.096,278939460,-60373590 ( -17.8% ),33396,-7419 ( -18.2% ),41452814289,4738521,5,087_아쿠아맨.xlsx
23,2019-01-11,716,0.104,2108,0.112,344796,0.118,0.112,353927401,74987941 ( 26.9% ),38741,5345 ( 16.0% ),41806741690,4777262,4,087_아쿠아맨.xlsx
24,2019-01-12,738,0.105,1995,0.101,303192,0.099,0.256,715517514,361590113 ( 102.2% ),77639,38898 ( 100.4% ),42522259204,4854901,5,087_아쿠아맨.xlsx
25,2019-01-13,734,0.105,1876,0.098,281746,0.094,0.234,603315610,-112201904 ( -15.7% ),65834,-11805 ( -15.2% ),43125574814,4920735,5,087_아쿠아맨.xlsx
26,2019-01-14,653,0.102,1769,0.1,262637,0.094,0.08,175729340,-427586270 ( -70.9% ),21105,-44729 ( -67.9% ),43301304154,4941840,4,087_아쿠아맨.xlsx
27,2019-01-15,663,0.101,1733,0.097,258078,0.092,0.082,172980050,-2749290 ( -1.6% ),21064,-41 ( -0.2% ),43474284204,4962904,4,087_아쿠아맨.xlsx
28,2019-01-16,438,0.062,875,0.048,129042,0.045,0.106,114317270,-58662780 ( -33.9% ),13701,-7363 ( -35.0% ),43588601474,4976605,7,087_아쿠아맨.xlsx
29,2019-01-17,297,0.041,468,0.026,57881,0.02,0.117,54014990,-60302280 ( -52.7% ),6784,-6917 ( -50.5% ),43642616464,4983389,11,087_아쿠아맨.xlsx
30,2019-01-18,306,0.042,473,0.026,61157,0.021,0.124,67607480,13592490 ( 25.2% ),7576,792 ( 11.7% ),43710223944,4990965,10,087_아쿠아맨.xlsx
31,2019-01-19,298,0.038,466,0.024,60084,0.02,0.255,135911450,68303970 ( 101.0% ),15300,7724 ( 102.0% ),43846135394,5006265,10,087_아쿠아맨.xlsx
32,2019-01-20,302,0.039,466,0.025,59703,0.02,0.217,114135510,-21775940 ( -16.0% ),12970,-2330 ( -15.2% ),43960270904,5019235,11,087_아쿠아맨.xlsx
33,2019-01-21,299,0.043,447,0.026,57625,0.021,0.081,37573200,-76562310 ( -67.1% ),4694,-8276 ( -63.8% ),43997844104,5023929,10,087_아쿠아맨.xlsx
34,2019-01-22,300,0.042,438,0.025,56986,0.021,0.08,36230770,-1342430 ( -3.6% ),4572,-122 ( -2.6% ),44034074874,5028501,11,087_아쿠아맨.xlsx
35,2019-01-23,91,0.015,129,0.007,16253,0.006,0.085,10760730,-25470040 ( -70.3% ),1375,-3197 ( -69.9% ),44044835604,5029876,14,087_아쿠아맨.xlsx
36,2019-01-24,86,0.014,123,0.007,15617,0.005,0.08,9649260,-1111470 ( -10.3% ),1253,-122 ( -8.9% ),44054484864,5031129,18,087_아쿠아맨.xlsx
37,2019-01-25,76,0.012,104,0.006,13093,0.004,0.072,7975480,-1673780 ( -17.3% ),941,-312 ( -24.9% ),44062460344,5032070,18,087_아쿠아맨.xlsx
38,2019-01-26,70,0.011,92,0.005,11374,0.004,0.171,17003510,9028030 ( 113.2% ),1944,1003 ( 106.6% ),44079463854,5034014,16,087_아쿠아맨.xlsx
39,2019-01-27,63,0.01,83,0.004,10376,0.003,0.153,13645980,-3357530 ( -19.7% ),1584,-360 ( -18.5% ),44093109834,5035598,16,087_아쿠아맨.xlsx
40,2019-01-28,64,0.011,84,0.005,10776,0.004,0.079,6774490,-6871490 ( -50.4% ),855,-729 ( -46.0% ),44099884324,5036453,17,087_아쿠아맨.xlsx
41,2019-01-29,65,0.011,89,0.005,11152,0.004,0.068,5772580,-1001910 ( -14.8% ),762,-93 ( -10.9% ),44105656904,5037215,22,087_아쿠아맨.xlsx
42,2019-01-30,2,0.0,2,0.0,296,0.0,0.105,249000,-5523580 ( -95.7% ),31,-731 ( -95.9% ),44105905904,5037246,60,087_아쿠아맨.xlsx
43,2019-01-31,3,0.001,3,0.0,435,0.0,0.083,280800,31800 ( 12.8% ),36,5 ( 16.1% ),44106186704,5037282,56,087_아쿠아맨.xlsx
44,2019-02-01,2,0.0,2,0.0,262,0.0,0.206,481500,200700 ( 71.5% ),54,18 ( 50.0% ),44106668204,5037336,38,087_아쿠아맨.xlsx
45,2019-02-02,3,0.001,3,0.0,486,0.0,0.22,952000,470500 ( 97.7% ),107,53 ( 98.1% ),44107620204,5037443,34,087_아쿠아맨.xlsx
46,2019-02-03,3,0.001,3,0.0,468,0.0,0.141,572000,-380000 ( -39.9% ),66,-41 ( -38.3% ),44108192204,5037509,41,087_아쿠아맨.xlsx
47,2019-02-04,2,0.0,3,0.0,480,0.0,0.202,816000,244000 ( 42.7% ),97,31 ( 47.0% ),44109008204,5037606,33,087_아쿠아맨.xlsx
48,2019-02-05,2,0.0,3,0.0,520,0.0,0.123,551000,-265000 ( -32.5% ),64,-33 ( -34.0% ),44109559204,5037670,39,087_아쿠아맨.xlsx
49,2019-02-06,2,0.0,2,0.0,218,0.0,0.266,535000,-16000 ( -2.9% ),58,-6 ( -9.4% ),44110094204,5037728,47,087_아쿠아맨.xlsx
50,2019-02-07,2,0.0,3,0.0,520,0.0,0.037,155000,-380000 ( -71.0% ),19,-39 ( -67.2% ),44110249204,5037747,56,087_아쿠아맨.xlsx
51,2019-02-08,2,0.0,2,0.0,306,0.0,0.075,194000,39000 ( 25.2% ),23,4 ( 21.1% ),44110443204,5037770,62,087_아쿠아맨.xlsx
52,2019-02-09,3,0.0,3,0.0,509,0.0,0.079,324500,130500 ( 67.3% ),40,17 ( 73.9% ),44110767704,5037810,53,087_아쿠아맨.xlsx
53,2019-02-10,3,0.001,3,0.0,486,0.0,0.105,437000,112500 ( 34.7% ),51,11 ( 27.5% ),44111204704,5037861,42,087_아쿠아맨.xlsx
54,2019-02-11,4,0.001,4,0.0,607,0.0,0.038,169000,-268000 ( -61.3% ),23,-28 ( -54.9% ),44111373704,5037884,42,087_아쿠아맨.xlsx
55,2019-02-12,2,0.0,3,0.0,376,0.0,0.149,434000,265000 ( 156.8% ),56,33 ( 143.5% ),44111807704,5037940,47,087_아쿠아맨.xlsx
56,2019-02-13,2,0.0,2,0.0,312,0.0,0.622,1649000,1215000 ( 280.0% ),194,138 ( 246.4% ),44113456704,5038134,40,087_아쿠아맨.xlsx
57,2019-11-20,1,0.0,1,0.0,120,0.0,0.167,180000,180000 ( 100.0% ),20,20 ( 100.0% ),44113636704,5038154,101,087_아쿠아맨.xlsx
58,2020-04-02,38,0.012,52,0.01,10170,0.012,0.029,2994500,2994500 ( 100.0% ),300,300 ( 100.0% ),44116631204,5038454,18,087_아쿠아맨.xlsx
59,2020-04-03,41,0.013,54,0.011,11509,0.014,0.026,2987500,-7000 ( -0.2% ),299,-1 ( -0.3% ),44119618704,5038753,15,087_아쿠아맨.xlsx
60,2020-04-04,44,0.012,74,0.012,14821,0.015,0.035,5256500,2269000 ( 75.9% ),526,227 ( 75.9% ),44124875204,5039279,11,087_아쿠아맨.xlsx
61,2020-04-05,42,0.012,74,0.013,14952,0.016,0.032,4788000,-468500 ( -8.9% ),479,-47 ( -8.9% ),44129663204,5039758,13,087_아쿠아맨.xlsx
62,2020-04-06,33,0.012,47,0.011,9578,0.014,0.021,2008000,-2780000 ( -58.1% ),201,-278 ( -58.0% ),44131671204,5039959,11,087_아쿠아맨.xlsx
63,2020-04-07,39,0.014,53,0.012,10435,0.015,0.019,1950000,-58000 ( -2.9% ),195,-6 ( -3.0% ),44133621204,5040154,13,087_아쿠아맨.xlsx
64,2020-04-08,37,0.013,53,0.011,10753,0.014,0.026,2761000,811000 ( 41.6% ),276,81 ( 41.5% ),44136382204,5040430,13,087_아쿠아맨.xlsx
65,2020-07-23,1,0.0,1,0.0,450,0.0,0.169,821400,821400 ( 100.0% ),76,76 ( 100.0% ),44137203604,5040506,38,087_아쿠아맨.xlsx
66,2020-07-24,1,0.0,1,0.0,450,0.0,0.147,752000,-69400 ( -8.4% ),66,-10 ( -13.2% ),44137955604,5040572,33,087_아쿠아맨.xlsx
67,2020-07-25,1,0.0,1,0.0,450,0.0,0.324,1682500,930500 ( 123.7% ),146,80 ( 121.2% ),44139638104,5040718,32,087_아쿠아맨.xlsx
68,2020-07-26,1,0.0,1,0.0,450,0.0,0.189,986500,-696000 ( -41.4% ),85,-61 ( -41.8% ),44140624604,5040803,35,087_아쿠아맨.xlsx
69,2020-07-27,1,0.0,1,0.0,378,0.0,0.034,143000,-843500 ( -85.5% ),13,-72 ( -84.7% ),44140767604,5040816,65,087_아쿠아맨.xlsx
70,2020-07-28,1,0.0,1,0.0,378,0.0,0.061,253000,110000 ( 76.9% ),23,10 ( 76.9% ),44141020604,5040839,60,087_아쿠아맨.xlsx
71,2020-07-29,1,0.0,1,0.0,378,0.0,0.246,1013000,760000 ( 300.4% ),93,70 ( 304.3% ),44142033604,5040932,34,087_아쿠아맨.xlsx
72,2020-08-05,1,0.0,2,0.0,756,0.0,0.042,336500,336500 ( 100.0% ),32,32 ( 100.0% ),44142370104,5040964,42,087_아쿠아맨.xlsx
73,2020-08-06,1,0.0,2,0.0,756,0.0,0.048,387400,50900 ( 15.1% ),36,4 ( 12.5% ),44142757504,5041000,46,087_아쿠아맨.xlsx
74,2020-08-07,1,0.0,2,0.0,756,0.0,0.069,561500,174100 ( 44.9% ),52,16 ( 44.4% ),44143319004,5041052,45,087_아쿠아맨.xlsx
75,2020-08-08,1,0.0,2,0.0,756,0.0,0.12,1021000,459500 ( 81.8% ),91,39 ( 75.0% ),44144340004,5041143,34,087_아쿠아맨.xlsx
76,2020-08-19,1,0.0,2,0.0,756,0.0,0.009,108500,108500 ( 100.0% ),7,7 ( 100.0% ),44144448504,5041150,80,087_아쿠아맨.xlsx
77,2020-08-20,1,0.0,3,0.0,1134,0.0,0.004,64000,-44500 ( -41.0% ),4,-3 ( -42.9% ),44144512504,5041154,80,087_아쿠아맨.xlsx
78,2020-08-21,1,0.0,2,0.0,756,0.0,0.004,51000,-13000 ( -20.3% ),3,-1 ( -25.0% ),44144563504,5041157,84,087_아쿠아맨.xlsx
79,2020-08-22,1,0.0,1,0.0,378,0.0,0.016,81000,30000 ( 58.8% ),6,3 ( 100.0% ),44144644504,5041163,83,087_아쿠아맨.xlsx
80,2020-08-23,1,0.0,1,0.0,378,0.0,0.019,104000,23000 ( 28.4% ),7,1 ( 16.7% ),44144748504,5041170,76,087_아쿠아맨.xlsx
81,2020-08-24,1,0.0,2,0.0,756,0.0,0.009,102000,-2000 ( -1.9% ),7,0 ( 0.0% ),44144850504,5041177,65,087_아쿠아맨.xlsx
82,2020-08-25,1,0.0,2,0.0,756,0.0,0.013,158000,56000 ( 54.9% ),10,3 ( 42.9% ),44145008504,5041187,66,087_아쿠아맨.xlsx
