,날짜,스크린수,스크린점유율,상영횟수,상영점유율,좌석수,좌석점유율,좌석판매율,매출액,매출액증감(전일대비),관객수,관객수증감(전일대비),누적매출액,누적관객수,순위,영화이름
0,2016-07-15,425,0.072,670,0.041,152443,0.056,0.786,1043332800,1043332800 ( 100.0% ),119757,119757 ( 100.0% ),1056866800,121553,2,015_부산행.xlsx
1,2016-07-16,431,0.069,998,0.058,231555,0.081,0.946,1905410500,862077700 ( 82.6% ),219009,99252 ( 82.9% ),2962277300,340562,3,015_부산행.xlsx
2,2016-07-17,428,0.069,995,0.059,231114,0.083,0.953,1916709800,11299300 ( 0.6% ),220286,1277 ( 0.6% ),4878987100,560848,2,015_부산행.xlsx
3,2016-07-18,12,0.002,12,0.001,2797,0.001,0.996,23706000,-1893003800 ( -98.8% ),2787,-217499 ( -98.7% ),4902693100,563635,9,015_부산행.xlsx
4,2016-07-19,13,0.003,13,0.001,1651,0.001,1.0,12202000,-11504000 ( -48.5% ),1651,-1136 ( -40.8% ),4914895100,565286,12,015_부산행.xlsx
5,2016-07-20,1571,0.33,8831,0.537,1668254,0.613,0.523,6562420000,6550218000 ( 53681.5% ),872673,871022 ( 52757.2% ),11477315100,1437959,1,015_부산행.xlsx
6,2016-07-21,1613,0.335,9092,0.547,1710278,0.622,0.388,5006286500,-1556133500 ( -23.7% ),663365,-209308 ( -24.0% ),16483601600,2101324,1,015_부산행.xlsx
7,2016-07-22,1667,0.338,9501,0.555,1779554,0.631,0.415,6263817426,1257530926 ( 25.1% ),738823,75458 ( 11.4% ),22747419026,2840147,1,015_부산행.xlsx
8,2016-07-23,1788,0.349,10300,0.577,1917786,0.653,0.668,10904532450,4640715024 ( 74.1% ),1282013,543190 ( 73.5% ),33651951476,4122160,1,015_부산행.xlsx
9,2016-07-24,1775,0.353,10057,0.577,1867827,0.652,0.64,10187889700,-716642750 ( -6.6% ),1195273,-86740 ( -6.8% ),43839841176,5317433,1,015_부산행.xlsx
10,2016-07-25,1622,0.338,9288,0.554,1744626,0.63,0.286,3800105300,-6387784400 ( -62.7% ),499070,-696203 ( -58.2% ),47639946476,5816503,1,015_부산행.xlsx
11,2016-07-26,1641,0.332,9216,0.551,1726677,0.626,0.243,3180574500,-619530800 ( -16.3% ),419947,-79123 ( -15.9% ),50820520976,6236450,1,015_부산행.xlsx
12,2016-07-27,1025,0.221,5542,0.321,993069,0.348,0.426,2677372100,-503202400 ( -15.8% ),422625,2678 ( 0.6% ),53497893076,6659075,2,015_부산행.xlsx
13,2016-07-28,1018,0.215,5563,0.318,1000444,0.346,0.299,2269970500,-407401600 ( -15.2% ),299267,-123358 ( -29.2% ),55767863576,6958342,2,015_부산행.xlsx
14,2016-07-29,1021,0.215,5580,0.312,1000431,0.338,0.338,2875572996,605602496 ( 26.7% ),337649,38382 ( 12.8% ),58643436572,7295991,2,015_부산행.xlsx
15,2016-07-30,1001,0.201,5401,0.293,953817,0.314,0.608,4934742867,2059169871 ( 71.6% ),579808,242159 ( 71.7% ),63578179439,7875799,2,015_부산행.xlsx
16,2016-07-31,976,0.201,5263,0.29,925684,0.308,0.58,4575932900,-358809967 ( -7.3% ),537035,-42773 ( -7.4% ),68154112339,8412834,2,015_부산행.xlsx
17,2016-08-01,933,0.204,5063,0.286,855463,0.293,0.406,2638300120,-1937632780 ( -42.3% ),347408,-189627 ( -35.3% ),70792412459,8760242,2,015_부산행.xlsx
18,2016-08-02,925,0.196,5035,0.284,851904,0.291,0.356,2290624200,-347675920 ( -13.2% ),303302,-44106 ( -12.7% ),73083036659,9063544,2,015_부산행.xlsx
19,2016-08-03,586,0.117,2322,0.13,352395,0.12,0.546,1447094000,-843530200 ( -36.8% ),192508,-110794 ( -36.5% ),74530130659,9256052,4,015_부산행.xlsx
20,2016-08-04,587,0.111,2227,0.124,335375,0.114,0.489,1232820500,-214273500 ( -14.8% ),163943,-28565 ( -14.8% ),75762951159,9419995,4,015_부산행.xlsx
21,2016-08-05,594,0.111,2261,0.124,337627,0.113,0.508,1445738859,212918359 ( 17.3% ),171553,7610 ( 4.6% ),77208690018,9591548,4,015_부산행.xlsx
22,2016-08-06,614,0.112,2269,0.122,333875,0.109,0.689,1931736150,485997291 ( 33.6% ),230186,58633 ( 34.2% ),79140426168,9821734,5,015_부산행.xlsx
23,2016-08-07,636,0.117,2305,0.126,340877,0.114,0.649,1863929100,-67807050 ( -3.5% ),221087,-9099 ( -4.0% ),81004355268,10042821,5,015_부산행.xlsx
24,2016-08-08,590,0.12,2281,0.13,339524,0.118,0.391,994224980,-869704120 ( -46.7% ),132709,-88378 ( -40.0% ),81998580248,10175530,3,015_부산행.xlsx
25,2016-08-09,593,0.118,2300,0.131,340358,0.118,0.353,894476760,-99748220 ( -10.0% ),120124,-12585 ( -9.5% ),82893057008,10295654,3,015_부산행.xlsx
26,2016-08-10,479,0.091,1397,0.081,184910,0.065,0.408,564702600,-329774160 ( -36.9% ),75390,-44734 ( -37.2% ),83457759608,10371044,4,015_부산행.xlsx
27,2016-08-11,492,0.09,1444,0.083,193564,0.068,0.387,561692100,-3010500 ( -0.5% ),74831,-559 ( -0.7% ),84019451708,10445875,5,015_부산행.xlsx
28,2016-08-12,523,0.094,1498,0.085,200968,0.069,0.405,685987100,124295000 ( 22.1% ),81460,6629 ( 8.9% ),84705438808,10527335,4,015_부산행.xlsx
29,2016-08-13,562,0.093,1488,0.082,200346,0.067,0.625,1050308700,364321600 ( 53.1% ),125119,43659 ( 53.6% ),85755747508,10652454,5,015_부산행.xlsx
30,2016-08-14,558,0.092,1495,0.083,202495,0.068,0.691,1185062600,134753900 ( 12.8% ),139865,14746 ( 11.8% ),86940810108,10792319,5,015_부산행.xlsx
31,2016-08-15,538,0.093,1482,0.084,199885,0.069,0.63,1051740400,-133322200 ( -11.3% ),125893,-13972 ( -10.0% ),87992550508,10918212,5,015_부산행.xlsx
32,2016-08-16,473,0.089,1432,0.085,196129,0.071,0.266,391477600,-660262800 ( -62.8% ),52165,-73728 ( -58.6% ),88384028108,10970377,5,015_부산행.xlsx
33,2016-08-17,413,0.073,1001,0.06,130686,0.048,0.285,279908000,-111569600 ( -28.5% ),37250,-14915 ( -28.6% ),88663936108,11007627,6,015_부산행.xlsx
34,2016-08-18,421,0.072,1008,0.06,130940,0.047,0.27,266070200,-13837800 ( -4.9% ),35379,-1871 ( -5.0% ),88930006308,11043006,6,015_부산행.xlsx
35,2016-08-19,417,0.071,1018,0.059,132316,0.047,0.299,334712700,68642500 ( 25.8% ),39545,4166 ( 11.8% ),89264719008,11082551,5,015_부산행.xlsx
36,2016-08-20,452,0.074,1072,0.061,140092,0.048,0.52,616473200,281760500 ( 84.2% ),72894,33349 ( 84.3% ),89881192208,11155445,6,015_부산행.xlsx
37,2016-08-21,459,0.076,1063,0.062,138481,0.049,0.492,577667120,-38806080 ( -6.3% ),68138,-4756 ( -6.5% ),90458859328,11223583,6,015_부산행.xlsx
38,2016-08-22,407,0.074,1069,0.066,139469,0.052,0.211,222847300,-354819820 ( -61.4% ),29471,-38667 ( -56.7% ),90681706628,11253054,5,015_부산행.xlsx
39,2016-08-23,412,0.074,1053,0.065,137675,0.052,0.191,196650400,-26196900 ( -11.8% ),26248,-3223 ( -10.9% ),90878357028,11279302,5,015_부산행.xlsx
40,2016-08-24,409,0.075,1050,0.064,137680,0.051,0.173,178842400,-17808000 ( -9.1% ),23819,-2429 ( -9.3% ),91057199428,11303121,6,015_부산행.xlsx
41,2016-08-25,347,0.058,732,0.044,98005,0.036,0.18,131905900,-46936500 ( -26.2% ),17647,-6172 ( -25.9% ),91189105328,11320768,7,015_부산행.xlsx
42,2016-08-26,373,0.061,780,0.046,106088,0.038,0.196,175224600,43318700 ( 32.8% ),20767,3120 ( 17.7% ),91364329928,11341535,6,015_부산행.xlsx
43,2016-08-27,397,0.06,848,0.047,116492,0.04,0.357,354813520,179588920 ( 102.5% ),41626,20859 ( 100.4% ),91719143448,11383161,7,015_부산행.xlsx
44,2016-08-28,393,0.06,810,0.047,110901,0.039,0.365,345111400,-9702120 ( -2.7% ),40508,-1118 ( -2.7% ),92064254848,11423669,7,015_부산행.xlsx
45,2016-08-29,371,0.065,787,0.049,101446,0.038,0.142,108695500,-236415900 ( -68.5% ),14435,-26073 ( -64.4% ),92172950348,11438104,6,015_부산행.xlsx
46,2016-08-30,377,0.064,780,0.049,101104,0.038,0.13,97936200,-10759300 ( -9.9% ),13194,-1241 ( -8.6% ),92270886548,11451298,6,015_부산행.xlsx
47,2016-08-31,302,0.05,617,0.037,77432,0.028,0.188,90930600,-7005600 ( -7.2% ),14523,1329 ( 10.1% ),92361817148,11465821,8,015_부산행.xlsx
48,2016-09-01,300,0.051,614,0.038,77310,0.029,0.116,66471200,-24459400 ( -26.9% ),8965,-5558 ( -38.3% ),92428288348,11474786,6,015_부산행.xlsx
49,2016-09-02,304,0.051,621,0.037,78438,0.028,0.135,88720100,22248900 ( 33.5% ),10601,1636 ( 18.2% ),92517008448,11485387,7,015_부산행.xlsx
50,2016-09-03,324,0.051,684,0.038,84497,0.029,0.276,199183100,110463000 ( 124.5% ),23318,12717 ( 120.0% ),92716191548,11508705,8,015_부산행.xlsx
51,2016-09-04,328,0.053,685,0.039,85809,0.03,0.27,197978500,-1204600 ( -0.6% ),23161,-157 ( -0.7% ),92914170048,11531866,7,015_부산행.xlsx
52,2016-09-05,329,0.059,688,0.045,86671,0.033,0.095,61200500,-136778000 ( -69.1% ),8215,-14946 ( -64.5% ),92975370548,11540081,7,015_부산행.xlsx
53,2016-09-06,332,0.058,664,0.044,83215,0.033,0.084,51694200,-9506300 ( -15.5% ),6997,-1218 ( -14.8% ),93027064748,11547078,6,015_부산행.xlsx
54,2016-09-07,78,0.016,106,0.007,12399,0.005,0.076,7064500,-44629700 ( -86.3% ),938,-6059 ( -86.6% ),93034129248,11548016,15,015_부산행.xlsx
55,2016-09-08,80,0.016,113,0.008,13297,0.005,0.083,8223400,1158900 ( 16.4% ),1100,162 ( 17.3% ),93042352648,11549116,13,015_부산행.xlsx
56,2016-09-09,82,0.016,112,0.007,12914,0.005,0.151,15585600,7362200 ( 89.5% ),1951,851 ( 77.4% ),93057938248,11551067,10,015_부산행.xlsx
57,2016-09-10,73,0.013,103,0.006,11968,0.004,0.201,20449400,4863800 ( 31.2% ),2401,450 ( 23.1% ),93078387648,11553468,13,015_부산행.xlsx
58,2016-09-11,74,0.013,98,0.006,11687,0.004,0.195,19719400,-730000 ( -3.6% ),2281,-120 ( -5.0% ),93098107048,11555749,13,015_부산행.xlsx
59,2016-09-12,71,0.014,100,0.007,11599,0.005,0.094,7725400,-11994000 ( -60.8% ),1094,-1187 ( -52.0% ),93105832448,11556843,13,015_부산행.xlsx
60,2016-09-13,62,0.011,81,0.005,9558,0.004,0.108,7677300,-48100 ( -0.6% ),1029,-65 ( -5.9% ),93113509748,11557872,17,015_부산행.xlsx
61,2016-09-14,33,0.006,42,0.002,5209,0.002,0.22,9951800,2274500 ( 29.6% ),1145,116 ( 11.3% ),93123461548,11559017,18,015_부산행.xlsx
62,2016-09-15,36,0.006,45,0.003,5465,0.002,0.32,15573500,5621700 ( 56.5% ),1750,605 ( 52.8% ),93139035048,11560767,18,015_부산행.xlsx
63,2016-09-16,33,0.005,43,0.002,5364,0.002,0.338,15816100,242600 ( 1.6% ),1813,63 ( 3.6% ),93154851148,11562580,17,015_부산행.xlsx
64,2016-09-17,33,0.005,40,0.002,5051,0.002,0.223,9741400,-6074700 ( -38.4% ),1127,-686 ( -37.8% ),93164592548,11563707,20,015_부산행.xlsx
65,2016-09-18,22,0.004,28,0.002,3428,0.001,0.155,4587500,-5153900 ( -52.9% ),533,-594 ( -52.7% ),93169180048,11564240,22,015_부산행.xlsx
66,2016-09-19,24,0.005,32,0.002,3978,0.002,0.062,1764500,-2823000 ( -61.5% ),247,-286 ( -53.7% ),93170944548,11564487,25,015_부산행.xlsx
67,2016-09-20,18,0.004,24,0.002,2957,0.001,0.041,891500,-873000 ( -49.5% ),122,-125 ( -50.6% ),93171836048,11564609,41,015_부산행.xlsx
68,2016-09-21,17,0.004,23,0.002,2640,0.001,0.043,822500,-69000 ( -7.7% ),113,-9 ( -7.4% ),93172658548,11564722,43,015_부산행.xlsx
69,2016-09-22,2,0.0,4,0.0,406,0.0,0.071,221500,-601000 ( -73.1% ),29,-84 ( -74.3% ),93172880048,11564751,76,015_부산행.xlsx
70,2016-09-23,2,0.0,4,0.0,385,0.0,0.065,199500,-22000 ( -9.9% ),25,-4 ( -13.8% ),93173079548,11564776,74,015_부산행.xlsx
71,2016-09-24,2,0.0,2,0.0,214,0.0,0.07,128000,-71500 ( -35.8% ),15,-10 ( -40.0% ),93173207548,11564791,117,015_부산행.xlsx
72,2016-09-25,2,0.0,2,0.0,255,0.0,0.012,18000,-110000 ( -85.9% ),3,-12 ( -80.0% ),93173225548,11564794,147,015_부산행.xlsx
73,2016-09-26,3,0.001,5,0.0,576,0.0,0.045,167500,149500 ( 830.6% ),26,23 ( 766.7% ),93173393048,11564820,66,015_부산행.xlsx
74,2016-09-27,3,0.001,5,0.0,508,0.0,0.071,257000,89500 ( 53.4% ),36,10 ( 38.5% ),93173650048,11564856,70,015_부산행.xlsx
75,2016-09-28,1,0.0,1,0.0,192,0.0,0.625,720000,463000 ( 180.2% ),120,84 ( 233.3% ),93174370048,11564976,43,015_부산행.xlsx
76,2016-09-29,1,0.0,1,0.0,164,0.0,0.018,15000,-705000 ( -97.9% ),3,-117 ( -97.5% ),93174385048,11564979,102,015_부산행.xlsx
77,2016-09-30,1,0.0,1,0.0,164,0.0,0.012,16000,1000 ( 6.7% ),2,-1 ( -33.3% ),93174401048,11564981,111,015_부산행.xlsx
78,2016-10-02,1,0.0,1,0.0,164,0.0,0.018,24000,24000 ( 100.0% ),3,3 ( 100.0% ),93174425048,11564984,97,015_부산행.xlsx
79,2016-10-03,1,0.0,1,0.0,164,0.0,0.018,21000,-3000 ( -12.5% ),3,0 ( 0.0% ),93174446048,11564987,100,015_부산행.xlsx
80,2016-10-04,1,0.0,1,0.0,144,0.0,0.035,36000,15000 ( 71.4% ),5,2 ( 66.7% ),93174482048,11564992,73,015_부산행.xlsx
81,2016-10-07,1,0.0,1,0.0,164,0.0,0.012,16000,16000 ( 100.0% ),2,2 ( 100.0% ),93174498048,11564994,83,015_부산행.xlsx
82,2016-10-08,1,0.0,1,0.0,164,0.0,0.006,8000,-8000 ( -50.0% ),1,-1 ( -50.0% ),93174506048,11564995,92,015_부산행.xlsx
83,2016-10-10,1,0.0,1,0.0,144,0.0,0.028,26000,26000 ( 100.0% ),4,4 ( 100.0% ),93174532048,11564999,66,015_부산행.xlsx
84,2016-10-17,1,0.0,1,0.0,144,0.0,0.049,56000,56000 ( 100.0% ),7,7 ( 100.0% ),93174588048,11565006,66,015_부산행.xlsx
85,2016-10-20,3,0.001,3,0.0,394,0.0,0.0,0,0 ( 0.0% ),0,0 ( 0.0% ),93174588048,11565006,115,015_부산행.xlsx
86,2016-10-24,1,0.0,1,0.0,218,0.0,0.0,0,0 ( 0.0% ),0,0 ( 0.0% ),93174588048,11565006,119,015_부산행.xlsx
87,2016-10-26,1,0.0,1,0.0,55,0.0,0.909,200000,200000 ( 100.0% ),50,50 ( 100.0% ),93174788048,11565056,62,015_부산행.xlsx
88,2016-11-07,1,0.0,1,0.0,326,0.0,1.0,2934000,2934000 ( 100.0% ),326,326 ( 100.0% ),93177722048,11565382,21,015_부산행.xlsx
89,2016-11-25,1,0.0,1,0.0,83,0.0,0.0,0,0 ( 0.0% ),0,0 ( 0.0% ),93177722048,11565382,138,015_부산행.xlsx
