,날짜,스크린수,스크린점유율,상영횟수,상영점유율,좌석수,좌석점유율,좌석판매율,매출액,매출액증감(전일대비),관객수,관객수증감(전일대비),누적매출액,누적관객수,순위,영화이름
0,2019-10-02,1192,0.197,5576,0.284,1001958,0.329,0.323,2680489690,2653414490 ( 9800.2% ),323409,320687 ( 11781.3% ),2708404890,326211,1,081_조커.xlsx
1,2019-10-03,1356,0.207,6422,0.31,1156799,0.364,0.508,5192536910,2512047220 ( 93.7% ),587817,264408 ( 81.8% ),7900941800,914028,1,081_조커.xlsx
2,2019-10-04,1327,0.21,6513,0.323,1169078,0.378,0.305,3152442950,-2040093960 ( -39.3% ),356629,-231188 ( -39.3% ),11053384750,1270657,1,081_조커.xlsx
3,2019-10-05,1418,0.225,7214,0.351,1307324,0.415,0.393,4603149150,1450706200 ( 46.0% ),514323,157694 ( 44.2% ),15656533900,1784980,1,081_조커.xlsx
4,2019-10-06,1410,0.23,7097,0.354,1291333,0.419,0.321,3696321010,-906828140 ( -19.7% ),414836,-99487 ( -19.3% ),19352854910,2199816,1,081_조커.xlsx
5,2019-10-07,1293,0.238,6500,0.351,1203182,0.419,0.139,1386936640,-2309384370 ( -62.5% ),167694,-247142 ( -59.6% ),20739791550,2367510,1,081_조커.xlsx
6,2019-10-08,1326,0.237,6656,0.352,1230641,0.42,0.18,1819177750,432241110 ( 31.2% ),222078,54384 ( 32.4% ),22558969300,2589588,1,081_조커.xlsx
7,2019-10-09,1234,0.199,6136,0.31,1138550,0.374,0.328,3229972370,1410794620 ( 77.6% ),373188,151110 ( 68.0% ),25788941670,2962776,1,081_조커.xlsx
8,2019-10-10,1210,0.222,5810,0.325,1082810,0.387,0.108,951810290,-2278162080 ( -70.5% ),116871,-256317 ( -68.7% ),26740751960,3079647,1,081_조커.xlsx
9,2019-10-11,1251,0.223,6098,0.33,1130308,0.392,0.164,1611994520,660184230 ( 69.4% ),184821,67950 ( 58.1% ),28352746480,3264468,1,081_조커.xlsx
10,2019-10-12,1312,0.21,6594,0.328,1223455,0.394,0.262,2829431390,1217436870 ( 75.5% ),320931,136110 ( 73.6% ),31182177870,3585399,1,081_조커.xlsx
11,2019-10-13,1309,0.212,6471,0.329,1199832,0.394,0.218,2309133550,-520297840 ( -18.4% ),262023,-58908 ( -18.4% ),33491311420,3847422,1,081_조커.xlsx
12,2019-10-14,1205,0.23,5910,0.339,1106915,0.402,0.081,742508230,-1566625320 ( -67.8% ),90015,-172008 ( -65.6% ),34233819650,3937437,1,081_조커.xlsx
13,2019-10-15,1218,0.224,5890,0.336,1101006,0.4,0.073,657747240,-84760990 ( -11.4% ),80435,-9580 ( -10.6% ),34891566890,4017872,1,081_조커.xlsx
14,2019-10-16,1149,0.196,5511,0.315,1052836,0.382,0.074,642609510,-15137730 ( -2.3% ),78410,-2025 ( -2.5% ),35534176400,4096282,1,081_조커.xlsx
15,2019-10-17,874,0.153,3711,0.205,650284,0.229,0.096,511636310,-130973200 ( -20.4% ),62405,-16005 ( -20.4% ),36045812710,4158687,2,081_조커.xlsx
16,2019-10-18,931,0.158,3892,0.209,678489,0.233,0.14,831847460,320211150 ( 62.6% ),94667,32262 ( 51.7% ),36877660170,4253354,2,081_조커.xlsx
17,2019-10-19,978,0.152,4229,0.212,721937,0.234,0.226,1457066900,625219440 ( 75.2% ),163455,68788 ( 72.7% ),38334727070,4416809,2,081_조커.xlsx
18,2019-10-20,976,0.154,4155,0.214,708698,0.236,0.186,1173499510,-283567390 ( -19.5% ),131842,-31613 ( -19.3% ),39508226580,4548651,2,081_조커.xlsx
19,2019-10-21,921,0.167,3880,0.223,672332,0.245,0.073,396586550,-776912960 ( -66.2% ),48814,-83028 ( -63.0% ),39904813130,4597465,2,081_조커.xlsx
20,2019-10-22,919,0.162,3844,0.222,668196,0.246,0.067,361937150,-34649400 ( -8.7% ),44880,-3934 ( -8.1% ),40266750280,4642345,2,081_조커.xlsx
21,2019-10-23,671,0.12,2587,0.142,385639,0.135,0.102,318914070,-43023080 ( -11.9% ),39233,-5647 ( -12.6% ),40585664350,4681578,3,081_조커.xlsx
22,2019-10-24,640,0.111,2480,0.136,372760,0.131,0.103,314610170,-4303900 ( -1.3% ),38504,-729 ( -1.9% ),40900274520,4720082,3,081_조커.xlsx
23,2019-10-25,702,0.117,2574,0.137,379874,0.129,0.149,499034020,184423850 ( 58.6% ),56604,18100 ( 47.0% ),41399308540,4776686,3,081_조커.xlsx
24,2019-10-26,694,0.109,2625,0.132,380927,0.124,0.26,883201300,384167280 ( 77.0% ),99203,42599 ( 75.3% ),42282509840,4875889,3,081_조커.xlsx
25,2019-10-27,702,0.112,2577,0.133,371283,0.125,0.227,744966900,-138234400 ( -15.7% ),84263,-14940 ( -15.1% ),43027476740,4960152,3,081_조커.xlsx
26,2019-10-28,657,0.123,2496,0.141,368308,0.133,0.082,246016420,-498950480 ( -67.0% ),30301,-53962 ( -64.0% ),43273493160,4990453,2,081_조커.xlsx
27,2019-10-29,660,0.118,2512,0.141,371581,0.133,0.081,243501550,-2514870 ( -1.0% ),30136,-165 ( -0.5% ),43516994710,5020589,2,081_조커.xlsx
28,2019-10-30,548,0.089,1166,0.065,150980,0.054,0.209,192706220,-50795330 ( -20.9% ),31499,1363 ( 4.5% ),43709700930,5052088,5,081_조커.xlsx
29,2019-10-31,510,0.09,1174,0.064,148830,0.052,0.146,167199940,-25506280 ( -13.2% ),21788,-9711 ( -30.8% ),43876900870,5073876,4,081_조커.xlsx
30,2019-11-01,529,0.092,1150,0.061,145409,0.05,0.168,214092670,46892730 ( 28.0% ),24366,2578 ( 11.8% ),44090993540,5098242,4,081_조커.xlsx
31,2019-11-02,496,0.081,1031,0.052,127969,0.042,0.293,330085060,115992390 ( 54.2% ),37495,13129 ( 53.9% ),44421078600,5135737,5,081_조커.xlsx
32,2019-11-03,487,0.081,984,0.051,121653,0.041,0.236,252290910,-77794150 ( -23.6% ),28705,-8790 ( -23.4% ),44673369510,5164442,5,081_조커.xlsx
33,2019-11-04,486,0.091,1021,0.058,130790,0.048,0.084,89386970,-162903940 ( -64.6% ),10958,-17747 ( -61.8% ),44762756480,5175400,4,081_조커.xlsx
34,2019-11-05,497,0.091,1022,0.058,130026,0.048,0.082,86517930,-2869040 ( -3.2% ),10643,-315 ( -2.9% ),44849274410,5186043,4,081_조커.xlsx
35,2019-11-06,482,0.089,1025,0.058,129555,0.047,0.086,89614500,3096570 ( 3.6% ),11080,437 ( 4.1% ),44938888910,5197123,5,081_조커.xlsx
36,2019-11-07,207,0.035,313,0.017,39232,0.014,0.103,33313390,-56301110 ( -62.8% ),4058,-7022 ( -63.4% ),44972202300,5201181,8,081_조커.xlsx
37,2019-11-08,207,0.033,328,0.017,40284,0.013,0.133,48246020,14932630 ( 44.8% ),5370,1312 ( 32.3% ),45020448320,5206551,9,081_조커.xlsx
38,2019-11-09,200,0.031,308,0.015,37863,0.012,0.247,84546180,36300160 ( 75.2% ),9371,4001 ( 74.5% ),45104994500,5215922,8,081_조커.xlsx
39,2019-11-10,190,0.03,291,0.015,35949,0.012,0.202,65092360,-19453820 ( -23.0% ),7272,-2099 ( -22.4% ),45170086860,5223194,8,081_조커.xlsx
40,2019-11-11,207,0.036,322,0.018,41274,0.015,0.081,27809820,-37282540 ( -57.3% ),3345,-3927 ( -54.0% ),45197896680,5226539,8,081_조커.xlsx
41,2019-11-12,195,0.034,317,0.018,40390,0.014,0.076,25453550,-2356270 ( -8.5% ),3084,-261 ( -7.8% ),45223350230,5229623,7,081_조커.xlsx
42,2019-11-13,64,0.011,88,0.005,10950,0.004,0.109,10050400,-15403150 ( -60.5% ),1191,-1893 ( -61.4% ),45233400630,5230814,11,081_조커.xlsx
43,2019-11-14,64,0.01,86,0.004,11230,0.004,0.144,13409300,3358900 ( 33.4% ),1621,430 ( 36.1% ),45246809930,5232435,12,081_조커.xlsx
44,2019-11-15,64,0.01,90,0.005,11694,0.004,0.189,19622180,6212880 ( 46.3% ),2206,585 ( 36.1% ),45266432110,5234641,10,081_조커.xlsx
45,2019-11-16,61,0.009,84,0.004,10361,0.003,0.272,25827780,6205600 ( 31.6% ),2823,617 ( 28.0% ),45292259890,5237464,11,081_조커.xlsx
46,2019-11-17,63,0.009,88,0.004,10791,0.003,0.223,21699180,-4128600 ( -16.0% ),2401,-422 ( -14.9% ),45313959070,5239865,11,081_조커.xlsx
47,2019-11-18,63,0.01,97,0.005,12586,0.004,0.097,9834680,-11864500 ( -54.7% ),1223,-1178 ( -49.1% ),45323793750,5241088,13,081_조커.xlsx
48,2019-11-19,65,0.01,101,0.006,13365,0.005,0.095,10344320,509640 ( 5.2% ),1271,48 ( 3.9% ),45334138070,5242359,12,081_조커.xlsx
49,2019-11-20,58,0.009,89,0.005,11529,0.004,0.098,9404140,-940180 ( -9.1% ),1133,-138 ( -10.9% ),45343542210,5243492,17,081_조커.xlsx
50,2019-11-21,10,0.002,17,0.001,1394,0.0,0.161,1856400,-7547740 ( -80.3% ),224,-909 ( -80.2% ),45345398610,5243716,30,081_조커.xlsx
51,2019-11-22,10,0.002,17,0.001,1573,0.0,0.183,2649580,793180 ( 42.7% ),288,64 ( 28.6% ),45348048190,5244004,24,081_조커.xlsx
52,2019-11-23,13,0.002,23,0.001,2258,0.001,0.19,3931660,1282080 ( 48.4% ),430,142 ( 49.3% ),45351979850,5244434,21,081_조커.xlsx
53,2019-11-24,11,0.002,20,0.001,1931,0.001,0.2,3458280,-473380 ( -12.0% ),387,-43 ( -10.0% ),45355438130,5244821,22,081_조커.xlsx
54,2019-11-25,11,0.002,19,0.001,1770,0.001,0.139,2028060,-1430220 ( -41.4% ),246,-141 ( -36.4% ),45357466190,5245067,29,081_조커.xlsx
55,2019-11-26,12,0.002,19,0.001,1744,0.001,0.12,1618120,-409940 ( -20.2% ),209,-37 ( -15.0% ),45359084310,5245276,32,081_조커.xlsx
56,2019-11-27,5,0.001,6,0.0,408,0.0,0.326,840480,-777640 ( -48.1% ),133,-76 ( -36.4% ),45359924790,5245409,50,081_조커.xlsx
57,2019-11-28,5,0.001,6,0.0,509,0.0,0.242,991860,151380 ( 18.0% ),123,-10 ( -7.5% ),45360916650,5245532,50,081_조커.xlsx
58,2019-11-29,5,0.001,9,0.0,566,0.0,0.258,1317120,325260 ( 32.8% ),146,23 ( 18.7% ),45362233770,5245678,51,081_조커.xlsx
59,2019-11-30,6,0.001,10,0.0,660,0.0,0.368,2141160,824040 ( 62.6% ),243,97 ( 66.4% ),45364374930,5245921,41,081_조커.xlsx
60,2019-12-01,10,0.002,14,0.001,1458,0.0,0.508,6599700,4458540 ( 208.2% ),741,498 ( 204.9% ),45370974630,5246662,18,081_조커.xlsx
61,2019-12-02,6,0.001,8,0.0,866,0.0,0.106,748440,-5851260 ( -88.7% ),92,-649 ( -87.6% ),45371723070,5246754,57,081_조커.xlsx
62,2019-12-03,8,0.001,11,0.001,998,0.0,0.252,1954480,1206040 ( 161.1% ),251,159 ( 172.8% ),45373677550,5247005,28,081_조커.xlsx
63,2019-12-04,2,0.0,3,0.0,475,0.0,0.093,365800,-1588680 ( -81.3% ),44,-207 ( -82.5% ),45374043350,5247049,77,081_조커.xlsx
64,2019-12-05,1,0.0,2,0.0,140,0.0,0.129,164500,-201300 ( -55.0% ),18,-26 ( -59.1% ),45374207850,5247067,88,081_조커.xlsx
65,2019-12-06,1,0.0,2,0.0,140,0.0,0.229,269100,104600 ( 63.6% ),32,14 ( 77.8% ),45374476950,5247099,78,081_조커.xlsx
66,2019-12-07,1,0.0,3,0.0,105,0.0,0.6,599300,330200 ( 122.7% ),63,31 ( 96.9% ),45375076250,5247162,76,081_조커.xlsx
67,2019-12-08,1,0.0,5,0.0,175,0.0,0.297,514700,-84600 ( -14.1% ),52,-11 ( -17.5% ),45375590950,5247214,59,081_조커.xlsx
68,2019-12-09,1,0.0,3,0.0,105,0.0,0.286,263300,-251400 ( -48.8% ),30,-22 ( -42.3% ),45375854250,5247244,68,081_조커.xlsx
69,2019-12-10,1,0.0,3,0.0,105,0.0,0.267,252300,-11000 ( -4.2% ),28,-2 ( -6.7% ),45376106550,5247272,80,081_조커.xlsx
70,2019-12-11,2,0.0,3,0.0,483,0.0,0.149,510500,258200 ( 102.3% ),72,44 ( 157.1% ),45376617050,5247344,61,081_조커.xlsx
71,2019-12-12,1,0.0,2,0.0,70,0.0,0.243,159000,-351500 ( -68.9% ),17,-55 ( -76.4% ),45376776050,5247361,94,081_조커.xlsx
72,2019-12-13,1,0.0,2,0.0,70,0.0,0.3,181500,22500 ( 14.2% ),21,4 ( 23.5% ),45376957550,5247382,100,081_조커.xlsx
73,2019-12-14,1,0.0,2,0.0,140,0.0,0.257,376300,194800 ( 107.3% ),36,15 ( 71.4% ),45377333850,5247418,88,081_조커.xlsx
74,2019-12-15,2,0.0,3,0.0,553,0.0,0.183,745000,368700 ( 98.0% ),101,65 ( 180.6% ),45378078850,5247519,55,081_조커.xlsx
75,2019-12-16,1,0.0,1,0.0,70,0.0,0.214,131300,-613700 ( -82.4% ),15,-86 ( -85.1% ),45378210150,5247534,95,081_조커.xlsx
76,2019-12-17,1,0.0,2,0.0,140,0.0,0.243,279300,148000 ( 112.7% ),34,19 ( 126.7% ),45378489450,5247568,85,081_조커.xlsx
77,2019-12-19,1,0.0,1,0.0,106,0.0,0.943,700000,700000 ( 100.0% ),100,100 ( 100.0% ),45379189450,5247668,50,081_조커.xlsx
78,2019-12-20,1,0.0,1,0.0,40,0.0,0.325,123000,-577000 ( -82.4% ),13,-87 ( -87.0% ),45379312450,5247681,98,081_조커.xlsx
79,2019-12-21,1,0.0,1,0.0,40,0.0,0.55,196000,73000 ( 59.3% ),22,9 ( 69.2% ),45379508450,5247703,86,081_조커.xlsx
80,2019-12-22,1,0.0,1,0.0,40,0.0,0.65,243000,47000 ( 24.0% ),26,4 ( 18.2% ),45379751450,5247729,83,081_조커.xlsx
81,2019-12-24,1,0.0,1,0.0,40,0.0,0.375,135000,135000 ( 100.0% ),15,15 ( 100.0% ),45379886450,5247744,100,081_조커.xlsx
82,2019-12-25,1,0.0,1,0.0,40,0.0,1.0,381000,246000 ( 182.2% ),40,25 ( 166.7% ),45380267450,5247784,71,081_조커.xlsx
83,2019-12-27,1,0.0,1,0.0,40,0.0,0.7,248000,248000 ( 100.0% ),28,28 ( 100.0% ),45380515450,5247812,72,081_조커.xlsx
84,2019-12-28,1,0.0,1,0.0,40,0.0,0.825,306000,58000 ( 23.4% ),33,5 ( 17.9% ),45380821450,5247845,78,081_조커.xlsx
85,2019-12-29,1,0.0,1,0.0,40,0.0,0.725,254000,-52000 ( -17.0% ),29,-4 ( -12.1% ),45381075450,5247874,69,081_조커.xlsx
86,2020-01-10,2,0.0,2,0.0,344,0.0,0.247,680000,680000 ( 100.0% ),85,85 ( 100.0% ),45381755450,5247959,47,081_조커.xlsx
87,2020-01-11,4,0.001,4,0.0,651,0.0,0.382,1990500,1310500 ( 192.7% ),249,164 ( 192.9% ),45383745950,5248208,34,081_조커.xlsx
88,2020-01-12,4,0.001,4,0.0,698,0.0,0.377,2105000,114500 ( 5.8% ),263,14 ( 5.6% ),45385850950,5248471,30,081_조커.xlsx
89,2020-01-16,4,0.001,4,0.0,579,0.0,0.136,537500,537500 ( 100.0% ),79,79 ( 100.0% ),45386388450,5248550,52,081_조커.xlsx
