,날짜,스크린수,스크린점유율,상영횟수,상영점유율,좌석수,좌석점유율,좌석판매율,매출액,매출액증감(전일대비),관객수,관객수증감(전일대비),누적매출액,누적관객수,순위,영화이름
0,2017-08-02,1446,0.275,7068,0.384,1302719,0.438,0.536,5116354700,5116354700 ( 100.0% ),698088,698088 ( 100.0% ),5687344800,784801,1,014_택시운전사.xlsx
1,2017-08-03,1553,0.28,7293,0.394,1342682,0.449,0.485,4825521000,-290833700 ( -5.7% ),651779,-46309 ( -6.6% ),10512865800,1436580,1,014_택시운전사.xlsx
2,2017-08-04,1677,0.303,7850,0.421,1434878,0.477,0.493,5809978335,984457335 ( 20.4% ),707113,55334 ( 8.5% ),16322844135,2143693,1,014_택시운전사.xlsx
3,2017-08-05,1827,0.323,8699,0.46,1580351,0.517,0.711,9280365401,3470387066 ( 59.7% ),1123443,416330 ( 58.9% ),25603209536,3267136,1,014_택시운전사.xlsx
4,2017-08-06,1906,0.339,8929,0.481,1615851,0.539,0.677,9039743900,-240621501 ( -2.6% ),1093911,-29532 ( -2.6% ),34642953436,4361047,1,014_택시운전사.xlsx
5,2017-08-07,1745,0.335,8569,0.479,1570945,0.543,0.358,4175562100,-4864181800 ( -53.8% ),562755,-531156 ( -48.6% ),38818515536,4923802,1,014_택시운전사.xlsx
6,2017-08-08,1753,0.333,8632,0.482,1581974,0.546,0.306,3571801800,-603760300 ( -14.5% ),484078,-78677 ( -14.0% ),42390317336,5407880,1,014_택시운전사.xlsx
7,2017-08-09,1446,0.257,6654,0.359,1231227,0.409,0.329,2979664700,-592137100 ( -16.6% ),404935,-79143 ( -16.3% ),45369982036,5812815,1,014_택시운전사.xlsx
8,2017-08-10,1353,0.238,6303,0.335,1179466,0.387,0.301,2625161400,-354503300 ( -11.9% ),355182,-49753 ( -12.3% ),47995143436,6167997,1,014_택시운전사.xlsx
9,2017-08-11,1356,0.234,6436,0.338,1212226,0.393,0.315,3152911028,527749628 ( 20.1% ),382042,26860 ( 7.6% ),51148054464,6550039,1,014_택시운전사.xlsx
10,2017-08-12,1410,0.231,6659,0.341,1261070,0.4,0.561,5884901932,2731990904 ( 86.6% ),706852,324810 ( 85.0% ),57032956396,7256891,1,014_택시운전사.xlsx
11,2017-08-13,1385,0.229,6478,0.336,1230078,0.395,0.554,5663326600,-221575332 ( -3.8% ),680919,-25933 ( -3.7% ),62696282996,7937810,1,014_택시운전사.xlsx
12,2017-08-14,1291,0.225,6259,0.326,1192556,0.384,0.427,3778942050,-1884384550 ( -33.3% ),508734,-172185 ( -25.3% ),66475225046,8446544,1,014_택시운전사.xlsx
13,2017-08-15,1040,0.182,4635,0.246,838648,0.276,0.688,4705320750,926378700 ( 24.5% ),577296,68562 ( 13.5% ),71180545796,9023840,1,014_택시운전사.xlsx
14,2017-08-16,986,0.183,4471,0.248,791214,0.272,0.259,1494801400,-3210519350 ( -68.2% ),204856,-372440 ( -64.5% ),72675347196,9228696,1,014_택시운전사.xlsx
15,2017-08-17,934,0.166,3914,0.211,705767,0.237,0.247,1278614700,-216186700 ( -14.5% ),174377,-30479 ( -14.9% ),73953961896,9403073,1,014_택시운전사.xlsx
16,2017-08-18,956,0.167,4071,0.218,732787,0.244,0.257,1541913303,263298603 ( 20.6% ),188683,14306 ( 8.2% ),75495875199,9591756,1,014_택시운전사.xlsx
17,2017-08-19,1033,0.172,4405,0.229,812831,0.262,0.457,3081226450,1539313147 ( 99.8% ),371597,182914 ( 96.9% ),78577101649,9963353,1,014_택시운전사.xlsx
18,2017-08-20,1022,0.172,4311,0.228,794279,0.261,0.491,3233184800,151958350 ( 4.9% ),389631,18034 ( 4.9% ),81810286449,10352984,1,014_택시운전사.xlsx
19,2017-08-21,933,0.175,4049,0.228,735905,0.256,0.204,1101831000,-2131353800 ( -65.9% ),149816,-239815 ( -61.5% ),82912117449,10502800,1,014_택시운전사.xlsx
20,2017-08-22,954,0.172,4020,0.227,723951,0.253,0.183,964359600,-137471400 ( -12.5% ),132430,-17386 ( -11.6% ),83876477049,10635230,1,014_택시운전사.xlsx
21,2017-08-23,833,0.144,2975,0.174,518526,0.187,0.203,765510500,-198849100 ( -20.6% ),105168,-27262 ( -20.6% ),84641987549,10740398,2,014_택시운전사.xlsx
22,2017-08-24,802,0.128,3039,0.168,535576,0.184,0.188,733076500,-32434000 ( -4.2% ),100785,-4383 ( -4.2% ),85375064049,10841183,2,014_택시운전사.xlsx
23,2017-08-25,831,0.132,3141,0.171,556675,0.188,0.198,892566300,159489800 ( 21.8% ),110401,9616 ( 9.5% ),86267630349,10951584,2,014_택시운전사.xlsx
24,2017-08-26,861,0.127,3375,0.176,596784,0.194,0.366,1809785500,917219200 ( 102.8% ),218682,108281 ( 98.1% ),88077415849,11170266,2,014_택시운전사.xlsx
25,2017-08-27,861,0.129,3326,0.178,592404,0.196,0.335,1639910700,-169874800 ( -9.4% ),198166,-20516 ( -9.4% ),89717326549,11368432,2,014_택시운전사.xlsx
26,2017-08-28,827,0.141,3150,0.181,552568,0.196,0.118,474055200,-1165855500 ( -71.1% ),65223,-132943 ( -67.1% ),90191381749,11433655,2,014_택시운전사.xlsx
27,2017-08-29,863,0.145,3171,0.183,551459,0.196,0.117,459346200,-14709000 ( -3.1% ),64626,-597 ( -0.9% ),90650727949,11498281,2,014_택시운전사.xlsx
28,2017-08-30,630,0.109,2130,0.123,375261,0.133,0.212,457704500,-1641700 ( -0.4% ),79377,14751 ( 22.8% ),91108432449,11577658,3,014_택시운전사.xlsx
29,2017-08-31,615,0.109,2131,0.124,369106,0.132,0.128,335370500,-122334000 ( -26.7% ),47308,-32069 ( -40.4% ),91443802949,11624966,2,014_택시운전사.xlsx
30,2017-09-01,625,0.109,2219,0.126,380441,0.133,0.128,393791700,58421200 ( 17.4% ),48618,1310 ( 2.8% ),91837594649,11673584,3,014_택시운전사.xlsx
31,2017-09-02,683,0.107,2475,0.133,434720,0.144,0.227,827171300,433379600 ( 110.1% ),98741,50123 ( 103.1% ),92664765949,11772325,4,014_택시운전사.xlsx
32,2017-09-03,671,0.106,2397,0.132,422884,0.144,0.214,759307500,-67863800 ( -8.2% ),90659,-8082 ( -8.2% ),93424073449,11862984,4,014_택시운전사.xlsx
33,2017-09-04,646,0.119,2247,0.137,381451,0.142,0.077,212759100,-546548400 ( -72.0% ),29312,-61347 ( -67.7% ),93636832549,11892296,3,014_택시운전사.xlsx
34,2017-09-05,638,0.114,2212,0.135,376462,0.141,0.072,195529500,-17229600 ( -8.1% ),27143,-2169 ( -7.4% ),93832362049,11919439,3,014_택시운전사.xlsx
35,2017-09-06,514,0.096,1501,0.09,199617,0.073,0.111,156805700,-38723800 ( -19.8% ),22063,-5080 ( -18.7% ),93989167749,11941502,4,014_택시운전사.xlsx
36,2017-09-07,498,0.084,1380,0.082,182096,0.066,0.108,139546500,-17259200 ( -11.0% ),19589,-2474 ( -11.2% ),94128714249,11961091,4,014_택시운전사.xlsx
37,2017-09-08,511,0.085,1378,0.08,181303,0.064,0.115,165784100,26237600 ( 18.8% ),20760,1171 ( 6.0% ),94294498349,11981851,4,014_택시운전사.xlsx
38,2017-09-09,501,0.078,1292,0.07,171371,0.057,0.242,306198900,140414800 ( 84.7% ),41541,20781 ( 100.1% ),94600697249,12023392,5,014_택시운전사.xlsx
39,2017-09-10,492,0.078,1262,0.07,166486,0.057,0.268,368553200,62354300 ( 20.4% ),44627,3086 ( 7.4% ),94969250449,12068019,4,014_택시운전사.xlsx
40,2017-09-11,513,0.091,1303,0.08,170299,0.063,0.102,125126500,-243426700 ( -66.0% ),17335,-27292 ( -61.2% ),95094376949,12085354,4,014_택시운전사.xlsx
41,2017-09-12,507,0.089,1271,0.079,167132,0.063,0.082,97627900,-27498600 ( -22.0% ),13721,-3614 ( -20.8% ),95192004849,12099075,4,014_택시운전사.xlsx
42,2017-09-13,502,0.082,1185,0.073,159304,0.06,0.078,88022200,-9605700 ( -9.8% ),12475,-1246 ( -9.1% ),95280027049,12111550,5,014_택시운전사.xlsx
43,2017-09-14,298,0.052,502,0.029,59428,0.021,0.109,44171400,-43850800 ( -49.8% ),6474,-6001 ( -48.1% ),95324198449,12118024,6,014_택시운전사.xlsx
44,2017-09-15,310,0.053,531,0.03,63797,0.022,0.112,55289700,11118300 ( 25.2% ),7152,678 ( 10.5% ),95379488149,12125176,7,014_택시운전사.xlsx
45,2017-09-16,321,0.05,562,0.03,68520,0.022,0.196,110920500,55630800 ( 100.6% ),13398,6246 ( 87.3% ),95490408649,12138574,7,014_택시운전사.xlsx
46,2017-09-17,319,0.05,552,0.03,67607,0.023,0.209,116872000,5951500 ( 5.4% ),14102,704 ( 5.3% ),95607280649,12152676,7,014_택시운전사.xlsx
47,2017-09-18,311,0.055,550,0.033,67170,0.025,0.074,35462100,-81409900 ( -69.7% ),4939,-9163 ( -65.0% ),95642742749,12157615,6,014_택시운전사.xlsx
48,2017-09-19,320,0.056,536,0.033,65473,0.024,0.074,33766700,-1695400 ( -4.8% ),4847,-92 ( -1.9% ),95676509449,12162462,9,014_택시운전사.xlsx
49,2017-09-20,305,0.054,532,0.033,64221,0.024,0.065,29831600,-3935100 ( -11.7% ),4197,-650 ( -13.4% ),95706341049,12166659,9,014_택시운전사.xlsx
50,2017-09-21,124,0.023,186,0.011,23413,0.009,0.079,12504500,-17327100 ( -58.1% ),1853,-2344 ( -55.8% ),95718845549,12168512,14,014_택시운전사.xlsx
51,2017-09-22,128,0.023,187,0.011,23776,0.009,0.076,14179400,1674900 ( 13.4% ),1809,-44 ( -2.4% ),95733024949,12170321,11,014_택시운전사.xlsx
52,2017-09-23,133,0.022,194,0.011,24663,0.008,0.125,25292200,11112800 ( 78.4% ),3079,1270 ( 70.2% ),95758317149,12173400,13,014_택시운전사.xlsx
53,2017-09-24,128,0.021,183,0.01,23132,0.008,0.145,28031000,2738800 ( 10.8% ),3353,274 ( 8.9% ),95786348149,12176753,12,014_택시운전사.xlsx
54,2017-09-25,132,0.025,199,0.013,24366,0.009,0.051,8808500,-19222500 ( -68.6% ),1248,-2105 ( -62.8% ),95795156649,12178001,13,014_택시운전사.xlsx
55,2017-09-26,127,0.023,186,0.012,23560,0.009,0.058,9401400,592900 ( 6.7% ),1362,114 ( 9.1% ),95804558049,12179363,15,014_택시운전사.xlsx
56,2017-09-27,40,0.007,49,0.003,6076,0.002,0.133,4328500,-5072900 ( -54.0% ),808,-554 ( -40.7% ),95808886549,12180171,15,014_택시운전사.xlsx
57,2017-09-28,25,0.005,36,0.002,4229,0.002,0.09,2565400,-1763100 ( -40.7% ),380,-428 ( -53.0% ),95811451949,12180551,26,014_택시운전사.xlsx
58,2017-09-29,26,0.005,41,0.002,4971,0.002,0.055,2197000,-368400 ( -14.4% ),272,-108 ( -28.4% ),95813648949,12180823,29,014_택시운전사.xlsx
59,2017-09-30,23,0.004,34,0.002,3804,0.001,0.139,4209700,2012700 ( 91.6% ),527,255 ( 93.8% ),95817858649,12181350,25,014_택시운전사.xlsx
60,2017-10-01,27,0.005,38,0.002,4282,0.001,0.191,6257000,2047300 ( 48.6% ),817,290 ( 55.0% ),95824115649,12182167,19,014_택시운전사.xlsx
61,2017-10-02,35,0.006,49,0.003,5772,0.002,0.172,7099000,842000 ( 13.5% ),995,178 ( 21.8% ),95831214649,12183162,18,014_택시운전사.xlsx
62,2017-10-03,19,0.003,22,0.001,2089,0.001,0.192,3389500,-3709500 ( -52.3% ),401,-594 ( -59.7% ),95834604149,12183563,23,014_택시운전사.xlsx
63,2017-10-04,16,0.003,22,0.001,2061,0.001,0.214,3513600,124100 ( 3.7% ),442,41 ( 10.2% ),95838117749,12184005,21,014_택시운전사.xlsx
64,2017-10-05,15,0.002,20,0.001,1755,0.001,0.273,3775100,261500 ( 7.4% ),479,37 ( 8.4% ),95841892849,12184484,23,014_택시운전사.xlsx
65,2017-10-06,12,0.002,17,0.001,1365,0.0,0.229,2400500,-1374600 ( -36.4% ),313,-166 ( -34.7% ),95844293349,12184797,30,014_택시운전사.xlsx
66,2017-10-07,12,0.002,16,0.001,1346,0.0,0.181,1712300,-688200 ( -28.7% ),244,-69 ( -22.0% ),95846005649,12185041,35,014_택시운전사.xlsx
67,2017-10-08,14,0.002,17,0.001,1499,0.001,0.099,1179000,-533300 ( -31.1% ),149,-95 ( -38.9% ),95847184649,12185190,39,014_택시운전사.xlsx
68,2017-10-09,16,0.003,18,0.001,1597,0.001,0.16,1846500,667500 ( 56.6% ),256,107 ( 71.8% ),95849031149,12185446,28,014_택시운전사.xlsx
69,2017-10-10,10,0.002,12,0.001,1288,0.0,0.045,354000,-1492500 ( -80.8% ),58,-198 ( -77.3% ),95849385149,12185504,44,014_택시운전사.xlsx
70,2017-10-11,9,0.002,12,0.001,1317,0.001,0.043,358000,4000 ( 1.1% ),57,-1 ( -1.7% ),95849743149,12185561,52,014_택시운전사.xlsx
71,2017-10-12,2,0.0,2,0.0,213,0.0,0.009,11000,-347000 ( -96.9% ),2,-55 ( -96.5% ),95849754149,12185563,87,014_택시운전사.xlsx
72,2017-10-13,3,0.001,3,0.0,295,0.0,0.471,972500,961500 ( 8740.9% ),139,137 ( 6850.0% ),95850726649,12185702,26,014_택시운전사.xlsx
73,2017-10-16,2,0.0,2,0.0,97,0.0,0.062,40000,40000 ( 100.0% ),6,6 ( 100.0% ),95850766649,12185708,64,014_택시운전사.xlsx
74,2017-10-17,2,0.0,2,0.0,111,0.0,0.081,65000,25000 ( 62.5% ),9,3 ( 50.0% ),95850831649,12185717,72,014_택시운전사.xlsx
75,2017-10-18,2,0.0,2,0.0,97,0.0,0.093,74000,9000 ( 13.8% ),9,0 ( 0.0% ),95850905649,12185726,84,014_택시운전사.xlsx
76,2017-10-19,2,0.0,2,0.0,310,0.0,0.19,294000,220000 ( 297.3% ),59,50 ( 555.6% ),95851199649,12185785,54,014_택시운전사.xlsx
77,2017-10-20,2,0.0,2,0.0,321,0.0,0.626,808000,514000 ( 174.8% ),201,142 ( 240.7% ),95852007649,12185986,30,014_택시운전사.xlsx
78,2017-10-21,2,0.0,2,0.0,300,0.0,0.02,44000,-764000 ( -94.6% ),6,-195 ( -97.0% ),95852051649,12185992,85,014_택시운전사.xlsx
79,2017-10-22,1,0.0,1,0.0,66,0.0,0.03,16000,-28000 ( -63.6% ),2,-4 ( -66.7% ),95852067649,12185994,95,014_택시운전사.xlsx
80,2017-10-23,1,0.0,1,0.0,104,0.0,0.029,15000,-1000 ( -6.3% ),3,1 ( 50.0% ),95852082649,12185997,93,014_택시운전사.xlsx
81,2017-10-24,1,0.0,1,0.0,104,0.0,0.01,7000,-8000 ( -53.3% ),1,-2 ( -66.7% ),95852089649,12185998,105,014_택시운전사.xlsx
82,2017-10-31,1,0.0,1,0.0,104,0.0,0.01,6000,6000 ( 100.0% ),1,1 ( 100.0% ),95852095649,12185999,119,014_택시운전사.xlsx
83,2017-11-01,1,0.0,1,0.0,104,0.0,0.019,12000,6000 ( 100.0% ),2,1 ( 100.0% ),95852107649,12186001,110,014_택시운전사.xlsx
84,2017-11-13,1,0.0,1,0.0,85,0.0,0.0,0,0 ( 0.0% ),0,0 ( 0.0% ),95852107649,12186001,116,014_택시운전사.xlsx
85,2017-11-16,1,0.0,1,0.0,85,0.0,0.0,0,0 ( 0.0% ),0,0 ( 0.0% ),95852107649,12186001,150,014_택시운전사.xlsx
86,2017-11-28,1,0.0,1,0.0,164,0.0,0.0,0,0 ( 0.0% ),0,0 ( 0.0% ),95852107649,12186001,146,014_택시운전사.xlsx
87,2017-11-29,1,0.0,1,0.0,157,0.0,0.637,500000,500000 ( 100.0% ),100,100 ( 100.0% ),95852607649,12186101,54,014_택시운전사.xlsx
88,2017-12-09,1,0.0,1,0.0,413,0.0,0.046,57000,57000 ( 100.0% ),19,19 ( 100.0% ),95852664649,12186120,103,014_택시운전사.xlsx
89,2017-12-10,1,0.0,1,0.0,413,0.0,0.065,81000,24000 ( 42.1% ),27,8 ( 42.1% ),95852745649,12186147,89,014_택시운전사.xlsx
