,날짜,스크린수,스크린점유율,상영횟수,상영점유율,좌석수,좌석점유율,좌석판매율,매출액,매출액증감(전일대비),관객수,관객수증감(전일대비),누적매출액,누적관객수,순위,영화이름
0,2014-01-16,676,0.149,2558,0.184,448680,0.194,0.358,1170458500,1168379500 ( 56199.1% ),160592,160295 ( 53971.4% ),1230757500,166215,1,019_겨울왕국.xlsx
1,2014-01-17,785,0.169,2936,0.205,520734,0.219,0.327,1297168500,126710000 ( 10.8% ),170315,9723 ( 6.1% ),2527926000,336530,1,019_겨울왕국.xlsx
2,2014-01-18,962,0.196,3862,0.258,722428,0.29,0.595,3353864000,2056695500 ( 158.6% ),430189,259874 ( 152.6% ),5881790000,766719,1,019_겨울왕국.xlsx
3,2014-01-19,1010,0.207,3970,0.273,739662,0.306,0.589,3400728500,46864500 ( 1.4% ),435610,5421 ( 1.3% ),9282518500,1202329,1,019_겨울왕국.xlsx
4,2014-01-20,801,0.183,3448,0.255,659541,0.291,0.239,1188754000,-2211974500 ( -65.0% ),157528,-278082 ( -63.8% ),10471272500,1359857,1,019_겨울왕국.xlsx
5,2014-01-21,823,0.184,3475,0.256,663227,0.293,0.283,1404823500,216069500 ( 18.2% ),187623,30095 ( 19.1% ),11876096000,1547480,1,019_겨울왕국.xlsx
6,2014-01-22,656,0.173,2827,0.205,478815,0.208,0.338,1216550500,-188273000 ( -13.4% ),161927,-25696 ( -13.7% ),13092646500,1709407,1,019_겨울왕국.xlsx
7,2014-01-23,678,0.174,2829,0.203,478130,0.206,0.364,1299410000,82859500 ( 6.8% ),173960,12033 ( 7.4% ),14392056500,1883367,1,019_겨울왕국.xlsx
8,2014-01-24,719,0.182,3010,0.209,512580,0.214,0.416,1668801000,369391000 ( 28.4% ),213259,39299 ( 22.6% ),16060857500,2096626,1,019_겨울왕국.xlsx
9,2014-01-25,901,0.213,3704,0.247,644795,0.258,0.789,3993965000,2325164000 ( 139.3% ),508745,295486 ( 138.6% ),20054822500,2605371,1,019_겨울왕국.xlsx
10,2014-01-26,962,0.231,3860,0.264,678531,0.279,0.772,4117630000,123665000 ( 3.1% ),524034,15289 ( 3.0% ),24172452500,3129405,1,019_겨울왕국.xlsx
11,2014-01-27,770,0.2,3338,0.238,579911,0.248,0.366,1637008000,-2480622000 ( -60.2% ),212148,-311886 ( -59.5% ),25809460500,3341553,1,019_겨울왕국.xlsx
12,2014-01-28,788,0.205,3446,0.244,599247,0.255,0.396,1823069000,186061000 ( 11.4% ),237432,25284 ( 11.9% ),27632529500,3578985,1,019_겨울왕국.xlsx
13,2014-01-29,773,0.184,3659,0.24,704834,0.279,0.455,2441769500,618700500 ( 33.9% ),321038,83606 ( 35.2% ),30074299000,3900023,1,019_겨울왕국.xlsx
14,2014-01-30,933,0.208,4338,0.274,830778,0.318,0.563,3882906500,1441137000 ( 59.0% ),468005,146967 ( 45.8% ),33957205500,4368028,1,019_겨울왕국.xlsx
15,2014-01-31,955,0.208,4396,0.279,835461,0.32,0.542,3881537500,-1369000 ( 0.0% ),452471,-15534 ( -3.3% ),37838743000,4820499,2,019_겨울왕국.xlsx
16,2014-02-01,975,0.204,4485,0.279,851694,0.32,0.742,5289474500,1407937000 ( 36.3% ),632300,179829 ( 39.7% ),43128217500,5452799,2,019_겨울왕국.xlsx
17,2014-02-02,965,0.205,4326,0.281,810732,0.318,0.697,4690851000,-598623500 ( -11.3% ),565278,-67022 ( -10.6% ),47819068500,6018077,1,019_겨울왕국.xlsx
18,2014-02-03,786,0.194,3704,0.258,696803,0.292,0.287,1622779500,-3068071500 ( -65.4% ),199674,-365604 ( -64.7% ),49441848000,6217751,2,019_겨울왕국.xlsx
19,2014-02-04,790,0.194,3624,0.258,678461,0.29,0.219,1215909500,-406870000 ( -25.1% ),148915,-50759 ( -25.4% ),50657757500,6366666,2,019_겨울왕국.xlsx
20,2014-02-05,791,0.194,3636,0.261,672865,0.29,0.203,1108641500,-107268000 ( -8.8% ),136310,-12605 ( -8.5% ),51766399000,6502976,2,019_겨울왕국.xlsx
21,2014-02-06,696,0.164,3012,0.211,546588,0.23,0.231,1018572000,-90069500 ( -8.1% ),126190,-10120 ( -7.4% ),52784971000,6629166,2,019_겨울왕국.xlsx
22,2014-02-07,689,0.162,3124,0.212,567808,0.232,0.288,1383115000,364543000 ( 35.8% ),163361,37171 ( 29.5% ),54168086000,6792527,2,019_겨울왕국.xlsx
23,2014-02-08,830,0.184,3787,0.243,675227,0.263,0.751,4133229000,2750114000 ( 198.8% ),506829,343468 ( 210.3% ),58301315000,7299356,1,019_겨울왕국.xlsx
24,2014-02-09,942,0.208,3969,0.263,703041,0.282,0.714,4062449000,-70780000 ( -1.7% ),501656,-5173 ( -1.0% ),62363764000,7801012,1,019_겨울왕국.xlsx
25,2014-02-10,729,0.178,3283,0.237,594483,0.257,0.191,929160500,-3133288500 ( -77.1% ),113412,-388244 ( -77.4% ),63292924500,7914424,2,019_겨울왕국.xlsx
26,2014-02-11,750,0.178,3304,0.239,596972,0.259,0.189,911597500,-17563000 ( -1.9% ),112939,-473 ( -0.4% ),64204522000,8027363,2,019_겨울왕국.xlsx
27,2014-02-12,745,0.177,3324,0.238,600423,0.258,0.172,838598500,-72999000 ( -8.0% ),103562,-9377 ( -8.3% ),65043120500,8130925,2,019_겨울왕국.xlsx
28,2014-02-13,602,0.146,2633,0.185,457040,0.193,0.177,642277000,-196321500 ( -23.4% ),80787,-22775 ( -22.0% ),65685397500,8211712,3,019_겨울왕국.xlsx
29,2014-02-14,624,0.148,2734,0.185,474370,0.194,0.253,1012690000,370413000 ( 57.7% ),120180,39393 ( 48.8% ),66698087500,8331892,3,019_겨울왕국.xlsx
30,2014-02-15,776,0.174,3497,0.226,649207,0.253,0.501,2680180500,1667490500 ( 164.7% ),325556,205376 ( 170.9% ),69378268000,8657448,1,019_겨울왕국.xlsx
31,2014-02-16,805,0.181,3444,0.23,641210,0.258,0.47,2467245500,-212935000 ( -7.9% ),301646,-23910 ( -7.3% ),71845513500,8959094,1,019_겨울왕국.xlsx
32,2014-02-17,636,0.155,2811,0.2,501837,0.215,0.158,623688500,-1843557000 ( -74.7% ),79288,-222358 ( -73.7% ),72469202000,9038382,2,019_겨울왕국.xlsx
33,2014-02-18,649,0.152,2814,0.199,499555,0.213,0.161,623030000,-658500 ( -0.1% ),80205,917 ( 1.2% ),73092232000,9118587,2,019_겨울왕국.xlsx
34,2014-02-19,643,0.153,2777,0.2,494865,0.214,0.146,560497500,-62532500 ( -10.0% ),72356,-7849 ( -9.8% ),73652729500,9190943,2,019_겨울왕국.xlsx
35,2014-02-20,507,0.119,2097,0.147,349319,0.147,0.159,427669500,-132828000 ( -23.7% ),55713,-16643 ( -23.0% ),74080399000,9246656,4,019_겨울왕국.xlsx
36,2014-02-21,510,0.121,2179,0.148,363302,0.148,0.182,533355500,105686000 ( 24.7% ),65995,10282 ( 18.5% ),74613754500,9312651,4,019_겨울왕국.xlsx
37,2014-02-22,630,0.136,2620,0.17,455341,0.178,0.347,1301609000,768253500 ( 144.0% ),158039,92044 ( 139.5% ),75915363500,9470690,4,019_겨울왕국.xlsx
38,2014-02-23,628,0.138,2550,0.171,443960,0.179,0.348,1265717500,-35891500 ( -2.8% ),154501,-3538 ( -2.2% ),77181081000,9625191,3,019_겨울왕국.xlsx
39,2014-02-24,493,0.119,2111,0.149,349362,0.148,0.144,383164500,-882553000 ( -69.7% ),50465,-104036 ( -67.3% ),77564245500,9675656,4,019_겨울왕국.xlsx
40,2014-02-25,500,0.119,2097,0.148,345173,0.146,0.15,387939400,4774900 ( 1.2% ),51704,1239 ( 2.5% ),77952184900,9727360,4,019_겨울왕국.xlsx
41,2014-02-26,501,0.117,2098,0.147,344493,0.146,0.156,386445400,-1494000 ( -0.4% ),53874,2170 ( 4.2% ),78338630300,9781234,4,019_겨울왕국.xlsx
42,2014-02-27,433,0.101,1624,0.113,240299,0.1,0.182,321689000,-64756400 ( -16.8% ),43781,-10093 ( -18.7% ),78660319300,9825015,5,019_겨울왕국.xlsx
43,2014-02-28,437,0.101,1656,0.112,245043,0.099,0.19,367372800,45683800 ( 14.2% ),46452,2671 ( 6.1% ),79027692100,9871467,5,019_겨울왕국.xlsx
44,2014-03-01,515,0.111,1908,0.124,289261,0.112,0.341,813125100,445752300 ( 121.3% ),98529,52077 ( 112.1% ),79840817200,9969996,5,019_겨울왕국.xlsx
45,2014-03-02,515,0.113,1859,0.126,280207,0.114,0.292,674900800,-138224300 ( -17.0% ),81958,-16571 ( -16.8% ),80515718000,10051954,4,019_겨울왕국.xlsx
46,2014-03-03,401,0.101,1460,0.11,214538,0.096,0.085,143291900,-531608900 ( -78.8% ),18282,-63676 ( -77.7% ),80659009900,10070236,5,019_겨울왕국.xlsx
47,2014-03-04,408,0.101,1430,0.108,209202,0.094,0.071,114970700,-28321200 ( -19.8% ),14792,-3490 ( -19.1% ),80773980600,10085028,6,019_겨울왕국.xlsx
48,2014-03-05,398,0.1,1379,0.105,202243,0.091,0.065,104815000,-10155700 ( -8.8% ),13120,-1672 ( -11.3% ),80878795600,10098148,6,019_겨울왕국.xlsx
49,2014-03-06,327,0.079,899,0.066,122263,0.053,0.071,68882800,-35932200 ( -34.3% ),8704,-4416 ( -33.7% ),80947678400,10106852,8,019_겨울왕국.xlsx
50,2014-03-07,335,0.08,945,0.066,128262,0.053,0.076,85605800,16723000 ( 24.3% ),9738,1034 ( 11.9% ),81033284200,10116590,7,019_겨울왕국.xlsx
51,2014-03-08,413,0.09,1212,0.079,164134,0.064,0.258,349181200,263575400 ( 307.9% ),42411,32673 ( 335.5% ),81382465400,10159001,5,019_겨울왕국.xlsx
52,2014-03-09,421,0.093,1193,0.081,162091,0.065,0.271,357427800,8246600 ( 2.4% ),43941,1530 ( 3.6% ),81739893200,10202942,4,019_겨울왕국.xlsx
53,2014-03-10,325,0.081,820,0.062,111299,0.049,0.053,47834400,-309593400 ( -86.6% ),5919,-38022 ( -86.5% ),81787727600,10208861,7,019_겨울왕국.xlsx
54,2014-03-11,322,0.079,800,0.061,109157,0.049,0.05,43710100,-4124300 ( -8.6% ),5460,-459 ( -7.8% ),81831437700,10214321,7,019_겨울왕국.xlsx
55,2014-03-12,313,0.077,789,0.06,107497,0.048,0.054,45122300,1412200 ( 3.2% ),5806,346 ( 6.3% ),81876560000,10220127,7,019_겨울왕국.xlsx
56,2014-03-13,211,0.052,333,0.025,44900,0.02,0.061,21077800,-24044500 ( -53.3% ),2729,-3077 ( -53.0% ),81897637800,10222856,9,019_겨울왕국.xlsx
57,2014-03-14,218,0.053,355,0.025,47778,0.02,0.068,26907600,5829800 ( 27.7% ),3258,529 ( 19.4% ),81924545400,10226114,10,019_겨울왕국.xlsx
58,2014-03-15,282,0.064,592,0.039,77712,0.031,0.233,140101900,113194300 ( 420.7% ),18096,14838 ( 455.4% ),82064647300,10244210,8,019_겨울왕국.xlsx
59,2014-03-16,286,0.065,586,0.04,77135,0.032,0.252,150639700,10537800 ( 7.5% ),19413,1317 ( 7.3% ),82215287000,10263623,7,019_겨울왕국.xlsx
60,2014-03-17,201,0.051,314,0.024,42226,0.019,0.053,16398400,-134241300 ( -89.1% ),2231,-17182 ( -88.5% ),82231685400,10265854,9,019_겨울왕국.xlsx
61,2014-03-18,200,0.049,318,0.024,43006,0.02,0.049,15218400,-1180000 ( -7.2% ),2088,-143 ( -6.4% ),82246903800,10267942,10,019_겨울왕국.xlsx
62,2014-03-19,209,0.052,324,0.025,43508,0.02,0.057,18445400,3227000 ( 21.2% ),2481,393 ( 18.8% ),82265349200,10270423,9,019_겨울왕국.xlsx
63,2014-03-20,60,0.015,77,0.006,10538,0.005,0.066,4884000,-13561400 ( -73.5% ),700,-1781 ( -71.8% ),82270233200,10271123,18,019_겨울왕국.xlsx
64,2014-03-21,63,0.015,83,0.006,11429,0.005,0.087,7405200,2521200 ( 51.6% ),990,290 ( 41.4% ),82277638400,10272113,13,019_겨울왕국.xlsx
65,2014-03-22,140,0.03,207,0.014,26629,0.011,0.208,42340300,34935100 ( 471.8% ),5540,4550 ( 459.6% ),82319978700,10277653,11,019_겨울왕국.xlsx
66,2014-03-23,151,0.033,208,0.015,26980,0.012,0.229,47424700,5084400 ( 12.0% ),6172,632 ( 11.4% ),82367403400,10283825,11,019_겨울왕국.xlsx
67,2014-03-24,61,0.016,79,0.006,11346,0.005,0.043,3596800,-43827900 ( -92.4% ),492,-5680 ( -92.0% ),82371000200,10284317,21,019_겨울왕국.xlsx
68,2014-03-25,59,0.015,78,0.006,11425,0.006,0.053,4376000,779200 ( 21.7% ),606,114 ( 23.2% ),82375376200,10284923,17,019_겨울왕국.xlsx
69,2014-03-26,24,0.006,27,0.002,3274,0.002,0.058,1170500,-3205500 ( -73.3% ),189,-417 ( -68.8% ),82376546700,10285112,32,019_겨울왕국.xlsx
70,2014-03-27,7,0.002,8,0.001,894,0.0,0.078,488000,-682500 ( -58.3% ),70,-119 ( -63.0% ),82377034700,10285182,50,019_겨울왕국.xlsx
71,2014-03-28,8,0.002,10,0.001,1064,0.001,0.128,899300,411300 ( 84.3% ),136,66 ( 94.3% ),82377934000,10285318,29,019_겨울왕국.xlsx
72,2014-03-29,33,0.008,45,0.003,5269,0.002,0.264,10456400,9557100 ( 1062.7% ),1390,1254 ( 922.1% ),82388390400,10286708,16,019_겨울왕국.xlsx
73,2014-03-30,32,0.008,43,0.003,4932,0.002,0.268,9978600,-477800 ( -4.6% ),1322,-68 ( -4.9% ),82398369000,10288030,15,019_겨울왕국.xlsx
74,2014-03-31,7,0.002,10,0.001,957,0.0,0.052,368000,-9610600 ( -96.3% ),50,-1272 ( -96.2% ),82398737000,10288080,43,019_겨울왕국.xlsx
75,2014-04-01,6,0.002,9,0.001,747,0.0,0.054,312500,-55500 ( -15.1% ),40,-10 ( -20.0% ),82399049500,10288120,49,019_겨울왕국.xlsx
76,2014-04-02,6,0.002,9,0.001,763,0.0,0.073,421000,108500 ( 34.7% ),56,16 ( 40.0% ),82399470500,10288176,45,019_겨울왕국.xlsx
77,2014-04-03,2,0.001,2,0.0,102,0.0,0.078,49500,-371500 ( -88.2% ),8,-48 ( -85.7% ),82399520000,10288184,72,019_겨울왕국.xlsx
78,2014-04-04,2,0.001,3,0.0,174,0.0,0.075,83000,33500 ( 67.7% ),13,5 ( 62.5% ),82399603000,10288197,67,019_겨울왕국.xlsx
79,2014-04-05,6,0.002,8,0.001,1349,0.001,0.528,5925000,5842000 ( 7038.6% ),712,699 ( 5376.9% ),82405528000,10288909,15,019_겨울왕국.xlsx
80,2014-04-06,5,0.001,6,0.0,1116,0.001,0.519,5363500,-561500 ( -9.5% ),579,-133 ( -18.7% ),82410891500,10289488,16,019_겨울왕국.xlsx
81,2014-04-07,1,0.0,1,0.0,32,0.0,0.031,5000,-5358500 ( -99.9% ),1,-578 ( -99.8% ),82410896500,10289489,84,019_겨울왕국.xlsx
82,2014-04-08,1,0.0,1,0.0,32,0.0,0.406,79000,74000 ( 1480.0% ),13,12 ( 1200.0% ),82410975500,10289502,61,019_겨울왕국.xlsx
83,2014-04-09,2,0.001,3,0.0,477,0.0,0.042,133000,54000 ( 68.4% ),20,7 ( 53.8% ),82411108500,10289522,59,019_겨울왕국.xlsx
84,2014-04-10,1,0.0,1,0.0,176,0.0,0.017,21000,-112000 ( -84.2% ),3,-17 ( -85.0% ),82411129500,10289525,103,019_겨울왕국.xlsx
85,2014-04-11,3,0.001,4,0.0,805,0.0,0.052,266000,245000 ( 1166.7% ),42,39 ( 1300.0% ),82411395500,10289567,55,019_겨울왕국.xlsx
86,2014-04-12,4,0.001,5,0.0,835,0.0,0.477,3336000,3070000 ( 1154.1% ),398,356 ( 847.6% ),82414731500,10289965,18,019_겨울왕국.xlsx
87,2014-04-13,3,0.001,4,0.0,550,0.0,0.435,1647000,-1689000 ( -50.6% ),239,-159 ( -39.9% ),82416378500,10290204,20,019_겨울왕국.xlsx
88,2014-04-14,3,0.001,4,0.0,805,0.0,0.035,176000,-1471000 ( -89.3% ),28,-211 ( -88.3% ),82416554500,10290232,57,019_겨울왕국.xlsx
89,2014-04-15,2,0.001,3,0.0,392,0.0,0.059,151000,-25000 ( -14.2% ),23,-5 ( -17.9% ),82416705500,10290255,65,019_겨울왕국.xlsx
