,날짜,스크린수,스크린점유율,상영횟수,상영점유율,좌석수,좌석점유율,좌석판매율,매출액,매출액증감(전일대비),관객수,관객수증감(전일대비),누적매출액,누적관객수,순위,영화이름
0,2017-01-18,900,0.164,4126,0.242,704909,0.253,0.215,1145130100,1136429100 ( 13060.9% ),151845,150731 ( 13530.6% ),1271631400,166451,2,032_공조.xlsx
1,2017-01-19,918,0.162,4157,0.243,704107,0.252,0.201,1063411600,-81718500 ( -7.1% ),141569,-10276 ( -6.8% ),2335043000,308020,2,032_공조.xlsx
2,2017-01-20,938,0.167,4217,0.243,708332,0.251,0.226,1350950693,287539093 ( 27.0% ),160116,18547 ( 13.1% ),3685993693,468136,2,032_공조.xlsx
3,2017-01-21,976,0.165,4221,0.235,691500,0.236,0.482,2810573092,1459622399 ( 108.0% ),333625,173509 ( 108.4% ),6496566785,801761,2,032_공조.xlsx
4,2017-01-22,972,0.167,4120,0.235,673909,0.236,0.523,2967913800,157340708 ( 5.6% ),352228,18603 ( 5.6% ),9464480585,1153989,2,032_공조.xlsx
5,2017-01-23,928,0.173,4117,0.247,682245,0.251,0.203,1051594800,-1916319000 ( -64.6% ),138338,-213890 ( -60.7% ),10516075385,1292327,2,032_공조.xlsx
6,2017-01-24,955,0.174,4177,0.248,693835,0.253,0.196,1022534750,-29060050 ( -2.8% ),135694,-2644 ( -1.9% ),11538610135,1428021,2,032_공조.xlsx
7,2017-01-25,987,0.164,4227,0.245,758179,0.27,0.255,1172426200,149891450 ( 14.7% ),193551,57857 ( 42.6% ),12711036335,1621572,2,032_공조.xlsx
8,2017-01-26,991,0.164,4491,0.251,814192,0.281,0.293,1830307900,657881700 ( 56.1% ),238425,44874 ( 23.2% ),14541344235,1859997,1,032_공조.xlsx
9,2017-01-27,1177,0.182,5360,0.29,985813,0.329,0.479,4057287634,2226979734 ( 121.7% ),472221,233796 ( 98.1% ),18598631869,2332218,1,032_공조.xlsx
10,2017-01-28,1279,0.202,5806,0.318,1062909,0.358,0.625,5774705700,1717418066 ( 42.3% ),664830,192609 ( 40.8% ),24373337569,2997048,1,032_공조.xlsx
11,2017-01-29,1383,0.21,6249,0.334,1143640,0.377,0.698,6821569400,1046863700 ( 18.1% ),797994,133164 ( 20.0% ),31194906969,3795042,1,032_공조.xlsx
12,2017-01-30,1392,0.215,6123,0.338,1130619,0.384,0.673,6399470500,-422098900 ( -6.2% ),761071,-36923 ( -4.6% ),37594377469,4556113,1,032_공조.xlsx
13,2017-01-31,1094,0.186,5160,0.298,993625,0.354,0.306,2269168100,-4130302400 ( -64.5% ),304003,-457068 ( -60.1% ),39863545569,4860116,1,032_공조.xlsx
14,2017-02-01,1075,0.2,5290,0.316,1047557,0.383,0.181,1416506700,-852661400 ( -37.6% ),189579,-114424 ( -37.6% ),41280052269,5049695,1,032_공조.xlsx
15,2017-02-02,998,0.185,5011,0.299,1005587,0.366,0.173,1306151800,-110354900 ( -7.8% ),174342,-15237 ( -8.0% ),42586204069,5224037,1,032_공조.xlsx
16,2017-02-03,1022,0.187,5198,0.304,1043279,0.373,0.194,1698784568,392632768 ( 30.1% ),202908,28566 ( 16.4% ),44284988637,5426945,1,032_공조.xlsx
17,2017-02-04,1099,0.184,5616,0.314,1129676,0.388,0.392,3758373250,2059588682 ( 121.2% ),442556,239648 ( 118.1% ),48043361887,5869501,1,032_공조.xlsx
18,2017-02-05,1094,0.184,5456,0.313,1098515,0.386,0.367,3407131600,-351241650 ( -9.3% ),402889,-39667 ( -9.0% ),51450493487,6272390,1,032_공조.xlsx
19,2017-02-06,1018,0.198,5048,0.315,1012293,0.384,0.123,934708000,-2472423600 ( -72.6% ),124410,-278479 ( -69.1% ),52385201487,6396800,1,032_공조.xlsx
20,2017-02-07,1022,0.192,5007,0.31,1002384,0.378,0.118,878530200,-56177800 ( -6.0% ),118066,-6344 ( -5.1% ),53263731687,6514866,1,032_공조.xlsx
21,2017-02-08,942,0.186,4564,0.274,899247,0.329,0.126,847015900,-31514300 ( -3.6% ),113012,-5054 ( -4.3% ),54110747587,6627878,1,032_공조.xlsx
22,2017-02-09,742,0.124,3271,0.193,628040,0.226,0.144,681229400,-165786500 ( -19.6% ),90606,-22406 ( -19.8% ),54791976987,6718484,2,032_공조.xlsx
23,2017-02-10,748,0.123,3345,0.193,641091,0.226,0.163,880984312,199754912 ( 29.3% ),104469,13863 ( 15.3% ),55672961299,6822953,2,032_공조.xlsx
24,2017-02-11,803,0.121,3552,0.196,669552,0.226,0.337,1929374549,1048390237 ( 119.0% ),225583,121114 ( 115.9% ),57602335848,7048536,2,032_공조.xlsx
25,2017-02-12,811,0.122,3468,0.195,652187,0.225,0.327,1817148100,-112226449 ( -5.8% ),213339,-12244 ( -5.4% ),59419483948,7261875,2,032_공조.xlsx
26,2017-02-13,729,0.122,3198,0.192,583415,0.214,0.112,490600900,-1326547200 ( -73.0% ),65398,-147941 ( -69.3% ),59910084848,7327273,2,032_공조.xlsx
27,2017-02-14,753,0.121,3220,0.191,581502,0.21,0.12,517482300,26881400 ( 5.5% ),69610,4212 ( 6.4% ),60427567148,7396883,2,032_공조.xlsx
28,2017-02-15,511,0.092,1657,0.099,243311,0.088,0.168,303371300,-214111000 ( -41.4% ),40953,-28657 ( -41.2% ),60730938448,7437836,4,032_공조.xlsx
29,2017-02-16,557,0.092,1549,0.091,226003,0.08,0.159,264392400,-38978900 ( -12.8% ),36022,-4931 ( -12.0% ),60995330848,7473858,4,032_공조.xlsx
30,2017-02-17,536,0.088,1606,0.092,231557,0.08,0.179,347836051,83443651 ( 31.6% ),41352,5330 ( 14.8% ),61343166899,7515210,4,032_공조.xlsx
31,2017-02-18,539,0.084,1614,0.089,230125,0.077,0.352,687210327,339374276 ( 97.6% ),80982,39630 ( 95.8% ),62030377226,7596192,4,032_공조.xlsx
32,2017-02-19,521,0.082,1533,0.086,216678,0.074,0.329,604653800,-82556527 ( -12.0% ),71218,-9764 ( -12.1% ),62635031026,7667410,5,032_공조.xlsx
33,2017-02-20,513,0.088,1490,0.089,208575,0.075,0.126,198335500,-406318300 ( -67.2% ),26372,-44846 ( -63.0% ),62833366526,7693782,4,032_공조.xlsx
34,2017-02-21,510,0.085,1480,0.088,207205,0.075,0.122,187502300,-10833200 ( -5.5% ),25227,-1145 ( -4.3% ),63020868826,7719009,5,032_공조.xlsx
35,2017-02-22,339,0.055,629,0.036,81532,0.028,0.193,97681700,-89820600 ( -47.9% ),15745,-9482 ( -37.6% ),63118550526,7734754,10,032_공조.xlsx
36,2017-02-23,340,0.055,600,0.034,76483,0.027,0.142,79016400,-18665300 ( -19.1% ),10867,-4878 ( -31.0% ),63197566926,7745621,10,032_공조.xlsx
37,2017-02-24,326,0.051,566,0.032,72825,0.025,0.145,86666700,7650300 ( 9.7% ),10561,-306 ( -2.8% ),63284233626,7756182,9,032_공조.xlsx
38,2017-02-25,335,0.049,553,0.03,70785,0.023,0.292,174445500,87778800 ( 101.3% ),20672,10111 ( 95.7% ),63458679126,7776854,8,032_공조.xlsx
39,2017-02-26,336,0.049,545,0.03,70891,0.024,0.275,163037900,-11407600 ( -6.5% ),19474,-1198 ( -5.8% ),63621717026,7796328,8,032_공조.xlsx
40,2017-02-27,318,0.052,555,0.032,71015,0.025,0.12,62895800,-100142100 ( -61.4% ),8492,-10982 ( -56.4% ),63684612826,7804820,8,032_공조.xlsx
41,2017-02-28,234,0.033,382,0.022,50744,0.018,0.134,49210700,-13685100 ( -21.8% ),6775,-1717 ( -20.2% ),63733823526,7811595,12,032_공조.xlsx
42,2017-03-01,36,0.006,48,0.003,5665,0.002,0.4,18950300,-30260400 ( -61.5% ),2267,-4508 ( -66.5% ),63752773826,7813862,19,032_공조.xlsx
43,2017-03-02,33,0.006,41,0.003,5174,0.002,0.064,2519500,-16430800 ( -86.7% ),330,-1937 ( -85.4% ),63755293326,7814192,28,032_공조.xlsx
44,2017-03-03,34,0.006,43,0.003,5746,0.002,0.072,3434600,915100 ( 36.3% ),413,83 ( 25.2% ),63758727926,7814605,25,032_공조.xlsx
45,2017-03-04,31,0.005,46,0.003,5081,0.002,0.211,9308700,5874100 ( 171.0% ),1073,660 ( 159.8% ),63768036626,7815678,21,032_공조.xlsx
46,2017-03-05,32,0.005,44,0.003,4874,0.002,0.173,7190700,-2118000 ( -22.8% ),843,-230 ( -21.4% ),63775227326,7816521,22,032_공조.xlsx
47,2017-03-06,32,0.006,40,0.003,4819,0.002,0.06,2082500,-5108200 ( -71.0% ),290,-553 ( -65.6% ),63777309826,7816811,26,032_공조.xlsx
48,2017-03-07,31,0.006,39,0.003,4460,0.002,0.062,1907000,-175500 ( -8.4% ),277,-13 ( -4.5% ),63779216826,7817088,28,032_공조.xlsx
49,2017-03-08,7,0.001,10,0.001,863,0.0,0.053,316000,-1591000 ( -83.4% ),46,-231 ( -83.4% ),63779532826,7817134,57,032_공조.xlsx
50,2017-03-09,5,0.001,6,0.0,611,0.0,0.27,1286500,970500 ( 307.1% ),165,119 ( 258.7% ),63780819326,7817299,39,032_공조.xlsx
51,2017-03-10,3,0.001,3,0.0,228,0.0,0.057,83000,-1203500 ( -93.5% ),13,-152 ( -92.1% ),63780902326,7817312,71,032_공조.xlsx
52,2017-03-11,2,0.0,2,0.0,159,0.0,0.088,89000,6000 ( 7.2% ),14,1 ( 7.7% ),63780991326,7817326,79,032_공조.xlsx
53,2017-03-12,2,0.0,2,0.0,202,0.0,0.079,101000,12000 ( 13.5% ),16,2 ( 14.3% ),63781092326,7817342,75,032_공조.xlsx
54,2017-03-13,4,0.001,4,0.0,399,0.0,0.053,134000,33000 ( 32.7% ),21,5 ( 31.3% ),63781226326,7817363,55,032_공조.xlsx
55,2017-03-14,5,0.001,5,0.0,462,0.0,0.158,441000,307000 ( 229.1% ),73,52 ( 247.6% ),63781667326,7817436,55,032_공조.xlsx
56,2017-03-15,4,0.001,4,0.0,383,0.0,0.026,64000,-377000 ( -85.5% ),10,-63 ( -86.3% ),63781731326,7817446,79,032_공조.xlsx
57,2017-03-31,1,0.0,1,0.0,197,0.0,0.0,0,0 ( 0.0% ),0,0 ( 0.0% ),63781731326,7817446,112,032_공조.xlsx
58,2017-08-10,1,0.0,1,0.0,134,0.0,1.0,1206000,1206000 ( 100.0% ),134,134 ( 100.0% ),63782937326,7817580,38,032_공조.xlsx
59,2017-11-15,1,0.0,1,0.0,85,0.0,0.0,0,0 ( 0.0% ),0,0 ( 0.0% ),63782937326,7817580,126,032_공조.xlsx
60,2017-11-19,1,0.0,1,0.0,85,0.0,0.0,0,0 ( 0.0% ),0,0 ( 0.0% ),63782937326,7817580,156,032_공조.xlsx
61,2017-12-08,1,0.0,1,0.0,413,0.0,0.041,51000,51000 ( 100.0% ),17,17 ( 100.0% ),63782988326,7817597,100,032_공조.xlsx
62,2017-12-09,1,0.0,1,0.0,413,0.0,0.051,63000,12000 ( 23.5% ),21,4 ( 23.5% ),63783051326,7817618,101,032_공조.xlsx
63,2018-10-27,1,0.0,1,0.0,102,0.0,0.167,119000,119000 ( 100.0% ),17,17 ( 100.0% ),63783170326,7817635,104,032_공조.xlsx
64,2018-10-28,1,0.0,1,0.0,102,0.0,0.186,133000,14000 ( 11.8% ),19,2 ( 11.8% ),63783303326,7817654,87,032_공조.xlsx
65,2022-09-01,1,0.0,1,0.0,319,0.0,0.016,39000,39000 ( 100.0% ),5,5 ( 100.0% ),63783342326,7817659,86,032_공조.xlsx
66,2022-09-02,1,0.0,1,0.0,319,0.0,0.006,13500,-25500 ( -65.4% ),2,-3 ( -60.0% ),63783355826,7817661,88,032_공조.xlsx
67,2022-09-03,1,0.0,2,0.0,638,0.0,0.013,56000,42500 ( 314.8% ),8,6 ( 300.0% ),63783411826,7817669,85,032_공조.xlsx
68,2022-09-04,1,0.0,2,0.0,638,0.0,0.013,64060,8060 ( 14.4% ),8,0 ( 0.0% ),63783475886,7817677,76,032_공조.xlsx
69,2022-09-05,1,0.0,1,0.0,319,0.0,0.006,15000,-49060 ( -76.6% ),2,-6 ( -75.0% ),63783490886,7817679,72,032_공조.xlsx
70,2022-09-07,1,0.0,1,0.0,319,0.0,0.022,44000,44000 ( 100.0% ),7,7 ( 100.0% ),63783534886,7817686,75,032_공조.xlsx
