,날짜,스크린수,스크린점유율,상영횟수,상영점유율,좌석수,좌석점유율,좌석판매율,매출액,매출액증감(전일대비),관객수,관객수증감(전일대비),누적매출액,누적관객수,순위,영화이름
0,2014-07-30,1159,0.336,6147,0.423,1152173,0.484,0.593,4708879000,4649246000 ( 7796.4% ),682701,674628 ( 8356.6% ),4881110000,705201,1,001_명량.xlsx
1,2014-07-31,1202,0.318,6258,0.421,1176034,0.483,0.6,5243409900,534530900 ( 11.4% ),705070,22369 ( 3.3% ),10124519900,1410271,1,001_명량.xlsx
2,2014-08-01,1300,0.337,6699,0.444,1255037,0.509,0.691,6918410307,1675000407 ( 31.9% ),867437,162367 ( 23.0% ),17042930207,2277708,1,001_명량.xlsx
3,2014-08-02,1494,0.376,7605,0.491,1402659,0.553,0.879,9826541209,2908130902 ( 42.0% ),1232529,365092 ( 42.1% ),26869471416,3510237,1,001_명량.xlsx
4,2014-08-03,1587,0.398,7963,0.521,1456645,0.582,0.863,10031212500,204671291 ( 2.1% ),1257380,24851 ( 2.0% ),36900683916,4767617,1,001_명량.xlsx
5,2014-08-04,1443,0.394,7551,0.509,1414635,0.584,0.7,7455501400,-2575711100 ( -25.7% ),990022,-267358 ( -21.3% ),44356185316,5757639,1,001_명량.xlsx
6,2014-08-05,1507,0.395,7779,0.523,1451564,0.598,0.599,6511760400,-943741000 ( -12.7% ),869153,-120869 ( -12.2% ),50867945716,6626792,1,001_명량.xlsx
7,2014-08-06,1221,0.31,6788,0.451,1271478,0.518,0.553,5273445400,-1238315000 ( -19.0% ),702887,-166266 ( -19.1% ),56141391116,7329679,1,001_명량.xlsx
8,2014-08-07,1239,0.296,6776,0.448,1275750,0.517,0.512,4892511700,-380933700 ( -7.2% ),652776,-50111 ( -7.1% ),61033902816,7982455,1,001_명량.xlsx
9,2014-08-08,1278,0.308,7026,0.46,1320549,0.531,0.523,5493530692,601018992 ( 12.3% ),690123,37347 ( 5.7% ),66527433508,8672578,1,001_명량.xlsx
10,2014-08-09,1343,0.317,7453,0.476,1395991,0.546,0.789,8758739983,3265209291 ( 59.4% ),1101089,410966 ( 59.5% ),75286173491,9773667,1,001_명량.xlsx
11,2014-08-10,1315,0.315,7267,0.473,1366171,0.545,0.756,8225301600,-533438383 ( -6.1% ),1032388,-68701 ( -6.2% ),83511475091,10806055,1,001_명량.xlsx
12,2014-08-11,1204,0.303,6607,0.447,1262527,0.523,0.417,3924891200,-4300410400 ( -52.3% ),526106,-506282 ( -49.0% ),87436366291,11332161,1,001_명량.xlsx
13,2014-08-12,1224,0.298,6545,0.442,1249444,0.517,0.355,3287901500,-636989700 ( -16.2% ),443817,-82289 ( -15.6% ),90724267791,11775978,1,001_명량.xlsx
14,2014-08-13,935,0.235,5098,0.335,986831,0.398,0.374,2739598400,-548303100 ( -16.7% ),368597,-75220 ( -16.9% ),93463866191,12144575,1,001_명량.xlsx
15,2014-08-14,949,0.23,5200,0.334,1006562,0.397,0.427,3209749900,470151500 ( 17.2% ),430129,61532 ( 16.7% ),96673616091,12574704,1,001_명량.xlsx
16,2014-08-15,1013,0.237,5520,0.341,1061529,0.404,0.701,5906928307,2697178407 ( 84.0% ),744256,314127 ( 73.0% ),102580544398,13318960,1,001_명량.xlsx
17,2014-08-16,1004,0.231,5507,0.341,1054447,0.402,0.647,5479483612,-427444695 ( -7.2% ),682703,-61553 ( -8.3% ),108060028010,14001663,1,001_명량.xlsx
18,2014-08-17,1002,0.232,5295,0.338,1015656,0.399,0.626,5061573600,-417910012 ( -7.6% ),635573,-47130 ( -6.9% ),113121601610,14637236,1,001_명량.xlsx
19,2014-08-18,906,0.233,4753,0.323,918191,0.383,0.288,1970129700,-3091443900 ( -61.1% ),264378,-371195 ( -58.4% ),115091731310,14901614,1,001_명량.xlsx
20,2014-08-19,931,0.231,4694,0.319,907401,0.38,0.255,1706119200,-264010500 ( -13.4% ),231697,-32681 ( -12.4% ),116797850510,15133311,1,001_명량.xlsx
21,2014-08-20,732,0.172,3597,0.241,720770,0.297,0.24,1283393400,-422725800 ( -24.8% ),173159,-58538 ( -25.3% ),118081243910,15306470,1,001_명량.xlsx
22,2014-08-21,716,0.155,3463,0.232,698080,0.289,0.237,1218788300,-64605100 ( -5.0% ),165149,-8010 ( -4.6% ),119300032210,15471619,1,001_명량.xlsx
23,2014-08-22,723,0.153,3598,0.236,722960,0.293,0.23,1314220500,95432200 ( 7.8% ),166182,1033 ( 0.6% ),120614252710,15637801,2,001_명량.xlsx
24,2014-08-23,772,0.152,3839,0.244,761107,0.299,0.437,2652884500,1338664000 ( 101.9% ),332537,166355 ( 100.1% ),123267137210,15970338,2,001_명량.xlsx
25,2014-08-24,757,0.15,3669,0.239,726423,0.292,0.421,2434184900,-218699600 ( -8.2% ),305504,-27033 ( -8.1% ),125701322110,16275842,2,001_명량.xlsx
26,2014-08-25,694,0.156,3309,0.233,660335,0.285,0.159,781387500,-1652797400 ( -67.9% ),105306,-200198 ( -65.5% ),126482709610,16381148,2,001_명량.xlsx
27,2014-08-26,702,0.152,3274,0.23,649637,0.28,0.138,654846000,-126541500 ( -16.2% ),89715,-15591 ( -14.8% ),127137555610,16470863,2,001_명량.xlsx
28,2014-08-27,658,0.148,3011,0.21,568882,0.243,0.15,556729000,-98117000 ( -15.0% ),85270,-4445 ( -5.0% ),127694284610,16556133,2,001_명량.xlsx
29,2014-08-28,482,0.112,2148,0.141,369834,0.148,0.162,434041700,-122687300 ( -22.0% ),59758,-25512 ( -29.9% ),128128326310,16615891,3,001_명량.xlsx
30,2014-08-29,482,0.109,2183,0.14,375648,0.147,0.177,511350600,77308900 ( 17.8% ),66327,6569 ( 11.0% ),128639676910,16682218,3,001_명량.xlsx
31,2014-08-30,488,0.102,2181,0.133,368522,0.137,0.374,1092613100,581262500 ( 113.7% ),137811,71484 ( 107.8% ),129732290010,16820029,3,001_명량.xlsx
32,2014-08-31,495,0.106,2130,0.134,357977,0.137,0.362,1019603400,-73009700 ( -6.7% ),129731,-8080 ( -5.9% ),130751893410,16949760,3,001_명량.xlsx
33,2014-09-01,446,0.109,2019,0.138,324120,0.133,0.114,273418400,-746185000 ( -73.2% ),36965,-92766 ( -71.5% ),131025311810,16986725,4,001_명량.xlsx
34,2014-09-02,440,0.108,1970,0.136,316187,0.131,0.101,234135700,-39282700 ( -14.4% ),31924,-5041 ( -13.6% ),131259447510,17018649,4,001_명량.xlsx
35,2014-09-03,253,0.062,591,0.04,74069,0.03,0.218,116426900,-117708800 ( -50.3% ),16146,-15778 ( -49.4% ),131375874410,17034795,8,001_명량.xlsx
36,2014-09-04,231,0.052,509,0.034,64944,0.027,0.202,95108700,-21318200 ( -18.3% ),13135,-3011 ( -18.6% ),131470983110,17047930,8,001_명량.xlsx
37,2014-09-05,233,0.051,505,0.033,64105,0.025,0.275,136853900,41745200 ( 43.9% ),17635,4500 ( 34.3% ),131607837010,17065565,8,001_명량.xlsx
38,2014-09-06,290,0.058,590,0.035,76465,0.028,0.579,335541800,198687900 ( 145.2% ),44249,26614 ( 150.9% ),131943378810,17109814,8,001_명량.xlsx
39,2014-09-07,333,0.065,656,0.04,86941,0.032,0.623,417974800,82433000 ( 24.6% ),54182,9933 ( 22.4% ),132361353610,17163996,7,001_명량.xlsx
40,2014-09-08,394,0.075,795,0.048,107595,0.04,0.76,636966300,218991500 ( 52.4% ),81812,27630 ( 51.0% ),132998319910,17245808,7,001_명량.xlsx
41,2014-09-09,459,0.083,931,0.056,129458,0.048,0.801,780384300,143418000 ( 22.5% ),103651,21839 ( 26.7% ),133778704210,17349459,7,001_명량.xlsx
42,2014-09-10,448,0.084,930,0.058,131099,0.051,0.635,605102700,-175281600 ( -22.5% ),83192,-20459 ( -19.7% ),134383806910,17432651,7,001_명량.xlsx
43,2014-09-11,216,0.052,495,0.033,66347,0.027,0.234,111185700,-493917000 ( -81.6% ),15515,-67677 ( -81.4% ),134494992610,17448166,8,001_명량.xlsx
44,2014-09-12,240,0.055,528,0.035,70962,0.029,0.188,102426900,-8758800 ( -7.9% ),13334,-2181 ( -14.1% ),134597419510,17461500,9,001_명량.xlsx
45,2014-09-13,277,0.057,632,0.04,90056,0.035,0.321,228217700,125790800 ( 122.8% ),28869,15535 ( 116.5% ),134825637210,17490369,8,001_명량.xlsx
46,2014-09-14,279,0.057,607,0.04,86243,0.035,0.337,228501000,283300 ( 0.1% ),29038,169 ( 0.6% ),135054138210,17519407,8,001_명량.xlsx
47,2014-09-15,246,0.061,563,0.04,76367,0.033,0.103,56847100,-171653900 ( -75.1% ),7888,-21150 ( -72.8% ),135110985310,17527295,8,001_명량.xlsx
48,2014-09-16,259,0.062,578,0.041,78417,0.034,0.13,75447800,18600700 ( 32.7% ),10203,2315 ( 29.3% ),135186433110,17537498,7,001_명량.xlsx
49,2014-09-17,256,0.061,570,0.041,78919,0.034,0.106,57908100,-17539700 ( -23.2% ),8347,-1856 ( -18.2% ),135244341210,17545845,8,001_명량.xlsx
50,2014-09-18,170,0.04,332,0.023,42720,0.018,0.106,32181700,-25726400 ( -44.4% ),4548,-3799 ( -45.5% ),135276522910,17550393,10,001_명량.xlsx
51,2014-09-19,170,0.038,329,0.022,42597,0.018,0.11,35438500,3256800 ( 10.1% ),4674,126 ( 2.8% ),135311961410,17555067,11,001_명량.xlsx
52,2014-09-20,172,0.035,333,0.021,41485,0.016,0.213,70751500,35313000 ( 99.6% ),8851,4177 ( 89.4% ),135382712910,17563918,10,001_명량.xlsx
53,2014-09-21,170,0.035,328,0.022,41347,0.017,0.23,75052600,4301100 ( 6.1% ),9503,652 ( 7.4% ),135457765510,17573421,10,001_명량.xlsx
54,2014-09-22,159,0.038,312,0.023,39767,0.017,0.08,23118900,-51933700 ( -69.2% ),3175,-6328 ( -66.6% ),135480884410,17576596,10,001_명량.xlsx
55,2014-09-23,159,0.037,306,0.022,38791,0.017,0.078,21410300,-1708600 ( -7.4% ),3020,-155 ( -4.9% ),135502294710,17579616,10,001_명량.xlsx
56,2014-09-24,164,0.037,318,0.023,40715,0.018,0.098,26831000,5420700 ( 25.3% ),3992,972 ( 32.2% ),135529125710,17583608,10,001_명량.xlsx
57,2014-09-25,112,0.025,202,0.014,24259,0.01,0.085,14696600,-12134400 ( -45.2% ),2070,-1922 ( -48.1% ),135543822310,17585678,14,001_명량.xlsx
58,2014-09-26,108,0.024,204,0.014,24420,0.01,0.092,17589400,2892800 ( 19.7% ),2256,186 ( 9.0% ),135561411710,17587934,12,001_명량.xlsx
59,2014-09-27,110,0.023,218,0.014,26383,0.01,0.177,37704900,20115500 ( 114.4% ),4676,2420 ( 107.3% ),135599116610,17592610,14,001_명량.xlsx
60,2014-09-28,108,0.023,213,0.014,25973,0.011,0.204,42873600,5168700 ( 13.7% ),5304,628 ( 13.4% ),135641990210,17597914,11,001_명량.xlsx
61,2014-09-29,112,0.026,206,0.015,25616,0.011,0.09,16794400,-26079200 ( -60.8% ),2312,-2992 ( -56.4% ),135658784610,17600226,14,001_명량.xlsx
62,2014-09-30,107,0.025,204,0.015,25397,0.011,0.083,15225700,-1568700 ( -9.3% ),2102,-210 ( -9.1% ),135674010310,17602328,13,001_명량.xlsx
63,2014-10-01,111,0.025,205,0.015,25759,0.011,0.086,15733600,507900 ( 3.3% ),2216,114 ( 5.4% ),135689743910,17604544,13,001_명량.xlsx
64,2014-10-02,18,0.004,20,0.001,2086,0.001,0.124,1916000,-13817600 ( -87.8% ),258,-1958 ( -88.4% ),135691659910,17604802,24,001_명량.xlsx
65,2014-10-03,20,0.005,26,0.002,2894,0.001,0.271,6359800,4443800 ( 231.9% ),783,525 ( 203.5% ),135698019710,17605585,16,001_명량.xlsx
66,2014-10-04,20,0.004,27,0.002,2924,0.001,0.213,4892800,-1467000 ( -23.1% ),622,-161 ( -20.6% ),135702912510,17606207,14,001_명량.xlsx
67,2014-10-05,21,0.005,27,0.002,3137,0.001,0.185,4643400,-249400 ( -5.1% ),580,-42 ( -6.8% ),135707555910,17606787,14,001_명량.xlsx
68,2014-10-06,17,0.005,24,0.002,2940,0.001,0.059,1291500,-3351900 ( -72.2% ),173,-407 ( -70.2% ),135708847410,17606960,28,001_명량.xlsx
69,2014-10-07,17,0.004,25,0.002,3013,0.001,0.078,1703000,411500 ( 31.9% ),234,61 ( 35.3% ),135710550410,17607194,22,001_명량.xlsx
70,2014-10-08,6,0.001,6,0.0,931,0.0,0.088,586500,-1116500 ( -65.6% ),82,-152 ( -65.0% ),135711136910,17607276,45,001_명량.xlsx
71,2014-10-09,11,0.002,14,0.001,2115,0.001,0.362,6531000,5944500 ( 1013.6% ),765,683 ( 832.9% ),135717667910,17608041,21,001_명량.xlsx
72,2014-10-10,7,0.002,8,0.001,1320,0.001,0.098,925500,-5605500 ( -85.8% ),129,-636 ( -83.1% ),135718593410,17608170,34,001_명량.xlsx
73,2014-10-11,8,0.002,9,0.001,1569,0.001,0.086,1032500,107000 ( 11.6% ),135,6 ( 4.7% ),135719625910,17608305,30,001_명량.xlsx
74,2014-10-12,8,0.002,9,0.001,1666,0.001,0.1,1246500,214000 ( 20.7% ),166,31 ( 23.0% ),135720872410,17608471,25,001_명량.xlsx
75,2014-10-13,10,0.003,11,0.001,1779,0.001,0.171,1551500,305000 ( 24.5% ),305,139 ( 83.7% ),135722423910,17608776,21,001_명량.xlsx
76,2014-10-14,9,0.002,10,0.001,1638,0.001,0.096,877000,-674500 ( -43.5% ),157,-148 ( -48.5% ),135723300910,17608933,30,001_명량.xlsx
77,2014-10-15,7,0.002,7,0.0,887,0.0,0.078,490000,-387000 ( -44.1% ),69,-88 ( -56.1% ),135723790910,17609002,43,001_명량.xlsx
78,2014-10-16,7,0.002,7,0.0,1030,0.0,0.129,685000,195000 ( 39.8% ),133,64 ( 92.8% ),135724475910,17609135,41,001_명량.xlsx
79,2014-10-17,5,0.001,5,0.0,775,0.0,0.448,2165000,1480000 ( 216.1% ),347,214 ( 160.9% ),135726640910,17609482,29,001_명량.xlsx
80,2014-10-18,6,0.001,7,0.0,1239,0.0,0.055,566000,-1599000 ( -73.9% ),68,-279 ( -80.4% ),135727206910,17609550,44,001_명량.xlsx
81,2014-10-19,6,0.001,6,0.0,965,0.0,0.095,746000,180000 ( 31.8% ),92,24 ( 35.3% ),135727952910,17609642,41,001_명량.xlsx
82,2014-10-20,7,0.002,7,0.0,1070,0.0,0.118,783500,37500 ( 5.0% ),126,34 ( 37.0% ),135728736410,17609768,36,001_명량.xlsx
83,2014-10-21,6,0.001,6,0.0,896,0.0,0.116,577000,-206500 ( -26.4% ),104,-22 ( -17.5% ),135729313410,17609872,43,001_명량.xlsx
84,2014-10-22,6,0.001,6,0.0,962,0.0,0.053,375000,-202000 ( -35.0% ),51,-53 ( -51.0% ),135729688410,17609923,49,001_명량.xlsx
85,2014-10-23,5,0.001,5,0.0,685,0.0,0.296,1195000,820000 ( 218.7% ),203,152 ( 298.0% ),135730883410,17610126,30,001_명량.xlsx
86,2014-10-24,3,0.001,4,0.0,599,0.0,0.048,218000,-977000 ( -81.8% ),29,-174 ( -85.7% ),135731101410,17610155,63,001_명량.xlsx
87,2014-10-25,3,0.001,4,0.0,599,0.0,0.06,287000,69000 ( 31.7% ),36,7 ( 24.1% ),135731388410,17610191,64,001_명량.xlsx
88,2014-10-26,4,0.001,5,0.0,749,0.0,0.065,402000,115000 ( 40.1% ),49,13 ( 36.1% ),135731790410,17610240,53,001_명량.xlsx
89,2014-10-27,4,0.001,4,0.0,577,0.0,0.057,264500,-137500 ( -34.2% ),33,-16 ( -32.7% ),135732054910,17610273,53,001_명량.xlsx
