,날짜,스크린수,스크린점유율,상영횟수,상영점유율,좌석수,좌석점유율,좌석판매율,매출액,매출액증감(전일대비),관객수,관객수증감(전일대비),누적매출액,누적관객수,순위,영화이름
0,2019-07-02,1944,0.332,10320,0.553,1842648,0.637,0.366,5618545280,5176991020 ( 1172.4% ),674423,622711 ( 1204.2% ),6068659540,726991,1,031_스파이더맨 파 프롬 홈.xlsx
1,2019-07-03,1949,0.352,10355,0.559,1837939,0.641,0.277,4242120430,-1376424850 ( -24.5% ),509033,-165390 ( -24.5% ),10310779970,1236024,1,031_스파이더맨 파 프롬 홈.xlsx
2,2019-07-04,2007,0.353,10428,0.565,1845401,0.645,0.232,3571938790,-670181640 ( -15.8% ),427801,-81232 ( -16.0% ),13882718760,1663825,1,031_스파이더맨 파 프롬 홈.xlsx
3,2019-07-05,2080,0.361,10965,0.58,1936294,0.661,0.329,5680500670,2108561880 ( 59.0% ),636529,208728 ( 48.8% ),19563219430,2300354,1,031_스파이더맨 파 프롬 홈.xlsx
4,2019-07-06,2142,0.364,11724,0.592,2058399,0.677,0.597,10757585570,5077084900 ( 89.4% ),1227930,591401 ( 92.9% ),30320805000,3528284,1,031_스파이더맨 파 프롬 홈.xlsx
5,2019-07-07,2129,0.358,11343,0.585,1995078,0.67,0.498,8688700110,-2068885460 ( -19.2% ),993772,-234158 ( -19.1% ),39009505110,4522056,1,031_스파이더맨 파 프롬 홈.xlsx
6,2019-07-08,1890,0.344,9883,0.544,1766185,0.628,0.137,2029335770,-6659364340 ( -76.6% ),242112,-751660 ( -75.6% ),41038840880,4764168,1,031_스파이더맨 파 프롬 홈.xlsx
7,2019-07-09,1901,0.336,9769,0.538,1748079,0.623,0.141,2029651490,315720 ( 0.0% ),247282,5170 ( 2.1% ),43068492370,5011450,1,031_스파이더맨 파 프롬 홈.xlsx
8,2019-07-10,1688,0.319,8498,0.459,1557152,0.545,0.132,1699560440,-330091050 ( -16.3% ),204870,-42412 ( -17.2% ),44768052810,5216320,1,031_스파이더맨 파 프롬 홈.xlsx
9,2019-07-11,1612,0.273,8083,0.435,1492399,0.521,0.112,1392131300,-307429140 ( -18.1% ),166832,-38038 ( -18.6% ),46160184110,5383152,1,031_스파이더맨 파 프롬 홈.xlsx
10,2019-07-12,1648,0.27,8279,0.436,1527015,0.522,0.152,2085733880,693602580 ( 49.8% ),231487,64655 ( 38.8% ),48245917990,5614639,1,031_스파이더맨 파 프롬 홈.xlsx
11,2019-07-13,1709,0.264,8816,0.438,1616160,0.526,0.365,5223613730,3137879850 ( 150.4% ),589160,357673 ( 154.5% ),53469531720,6203799,1,031_스파이더맨 파 프롬 홈.xlsx
12,2019-07-14,1681,0.26,8481,0.431,1563258,0.519,0.308,4247042120,-976571610 ( -18.7% ),482038,-107122 ( -18.2% ),57716573840,6685837,1,031_스파이더맨 파 프롬 홈.xlsx
13,2019-07-15,1553,0.272,7671,0.429,1431017,0.517,0.077,928128510,-3318913610 ( -78.1% ),110059,-371979 ( -77.2% ),58644702350,6795896,1,031_스파이더맨 파 프롬 홈.xlsx
14,2019-07-16,1571,0.265,7563,0.42,1412762,0.508,0.072,851619460,-76509050 ( -8.2% ),101394,-8665 ( -7.9% ),59496321810,6897290,1,031_스파이더맨 파 프롬 홈.xlsx
15,2019-07-17,873,0.153,3428,0.179,495028,0.166,0.155,617535170,-234084290 ( -27.5% ),76853,-24541 ( -24.2% ),60113856980,6974143,2,031_스파이더맨 파 프롬 홈.xlsx
16,2019-07-18,888,0.15,3318,0.174,470681,0.159,0.157,594223800,-23311370 ( -3.8% ),73748,-3105 ( -4.0% ),60708080780,7047891,2,031_스파이더맨 파 프롬 홈.xlsx
17,2019-07-19,872,0.147,3327,0.17,471696,0.155,0.213,880132550,285908750 ( 48.1% ),100388,26640 ( 36.1% ),61588213330,7148279,2,031_스파이더맨 파 프롬 홈.xlsx
18,2019-07-20,866,0.134,3108,0.152,433801,0.138,0.434,1644501570,764369020 ( 86.8% ),188430,88042 ( 87.7% ),63232714900,7336709,3,031_스파이더맨 파 프롬 홈.xlsx
19,2019-07-21,869,0.134,3047,0.152,425815,0.138,0.381,1405078140,-239423430 ( -14.6% ),162321,-26109 ( -13.9% ),64637793040,7499030,3,031_스파이더맨 파 프롬 홈.xlsx
20,2019-07-22,834,0.146,3166,0.17,449805,0.155,0.121,438694190,-966383950 ( -68.8% ),54293,-108028 ( -66.6% ),65076487230,7553323,3,031_스파이더맨 파 프롬 홈.xlsx
21,2019-07-23,833,0.142,3172,0.169,450276,0.155,0.113,409322720,-29371470 ( -6.7% ),50828,-3465 ( -6.4% ),65485809950,7604151,3,031_스파이더맨 파 프롬 홈.xlsx
22,2019-07-24,587,0.103,1776,0.09,242163,0.079,0.148,289773820,-119548900 ( -29.2% ),35868,-14960 ( -29.4% ),65775583770,7640019,5,031_스파이더맨 파 프롬 홈.xlsx
23,2019-07-25,618,0.098,1724,0.087,237682,0.077,0.145,278849850,-10923970 ( -3.8% ),34491,-1377 ( -3.8% ),66054433620,7674510,5,031_스파이더맨 파 프롬 홈.xlsx
24,2019-07-26,670,0.104,1844,0.092,252953,0.081,0.168,374610960,95761110 ( 34.3% ),42394,7903 ( 22.9% ),66429044580,7716904,4,031_스파이더맨 파 프롬 홈.xlsx
25,2019-07-27,676,0.099,1818,0.087,245771,0.076,0.339,736268560,361657600 ( 96.5% ),83313,40919 ( 96.5% ),67165313140,7800217,4,031_스파이더맨 파 프롬 홈.xlsx
26,2019-07-28,688,0.1,1831,0.09,246632,0.078,0.294,638256920,-98011640 ( -13.3% ),72444,-10869 ( -13.0% ),67803570060,7872661,4,031_스파이더맨 파 프롬 홈.xlsx
27,2019-07-29,638,0.101,1816,0.093,248285,0.082,0.151,301765430,-336491490 ( -52.7% ),37459,-34985 ( -48.3% ),68105335490,7910120,5,031_스파이더맨 파 프롬 홈.xlsx
28,2019-07-30,641,0.099,1825,0.093,249143,0.082,0.155,308373030,6607600 ( 2.2% ),38665,1206 ( 3.2% ),68413708520,7948785,5,031_스파이더맨 파 프롬 홈.xlsx
29,2019-07-31,180,0.027,252,0.012,32129,0.01,0.351,75824050,-232548980 ( -75.4% ),11293,-27372 ( -70.8% ),68489532570,7960078,8,031_스파이더맨 파 프롬 홈.xlsx
30,2019-08-01,164,0.025,229,0.011,28139,0.008,0.288,64885110,-10938940 ( -14.4% ),8106,-3187 ( -28.2% ),68554417680,7968184,8,031_스파이더맨 파 프롬 홈.xlsx
31,2019-08-02,164,0.024,226,0.01,28121,0.008,0.306,75669060,10783950 ( 16.6% ),8613,507 ( 6.3% ),68630086740,7976797,7,031_스파이더맨 파 프롬 홈.xlsx
32,2019-08-03,173,0.025,238,0.011,29525,0.009,0.364,95657240,19988180 ( 26.4% ),10759,2146 ( 24.9% ),68725743980,7987556,7,031_스파이더맨 파 프롬 홈.xlsx
33,2019-08-04,176,0.026,251,0.011,32188,0.009,0.283,80379460,-15277780 ( -16.0% ),9101,-1658 ( -15.4% ),68806123440,7996657,7,031_스파이더맨 파 프롬 홈.xlsx
34,2019-08-05,180,0.028,266,0.013,34167,0.01,0.153,42609650,-37769810 ( -47.0% ),5228,-3873 ( -42.6% ),68848733090,8001885,7,031_스파이더맨 파 프롬 홈.xlsx
35,2019-08-06,184,0.028,265,0.013,35051,0.011,0.142,40442630,-2167020 ( -5.1% ),4975,-253 ( -4.8% ),68889175720,8006860,7,031_스파이더맨 파 프롬 홈.xlsx
36,2019-08-07,49,0.007,70,0.003,9499,0.003,0.155,11565530,-28877100 ( -71.4% ),1473,-3502 ( -70.4% ),68900741250,8008333,13,031_스파이더맨 파 프롬 홈.xlsx
37,2019-08-08,51,0.007,70,0.003,9171,0.003,0.15,10868980,-696550 ( -6.0% ),1378,-95 ( -6.4% ),68911610230,8009711,15,031_스파이더맨 파 프롬 홈.xlsx
38,2019-08-09,58,0.008,71,0.003,9189,0.003,0.172,13592760,2723780 ( 25.1% ),1578,200 ( 14.5% ),68925202990,8011289,13,031_스파이더맨 파 프롬 홈.xlsx
39,2019-08-10,50,0.007,61,0.003,7228,0.002,0.32,20811130,7218370 ( 53.1% ),2315,737 ( 46.7% ),68946014120,8013604,13,031_스파이더맨 파 프롬 홈.xlsx
40,2019-08-11,55,0.008,66,0.003,7991,0.002,0.256,18280250,-2530880 ( -12.2% ),2046,-269 ( -11.6% ),68964294370,8015650,13,031_스파이더맨 파 프롬 홈.xlsx
41,2019-08-12,40,0.006,57,0.003,7190,0.002,0.117,6687300,-11592950 ( -63.4% ),843,-1203 ( -58.8% ),68970981670,8016493,15,031_스파이더맨 파 프롬 홈.xlsx
42,2019-08-13,44,0.006,63,0.003,8203,0.003,0.14,9366670,2679370 ( 40.1% ),1152,309 ( 36.7% ),68980348340,8017645,16,031_스파이더맨 파 프롬 홈.xlsx
43,2019-08-14,12,0.002,14,0.001,1687,0.001,0.195,2629960,-6736710 ( -71.9% ),329,-823 ( -71.4% ),68982978300,8017974,30,031_스파이더맨 파 프롬 홈.xlsx
44,2019-08-15,14,0.002,14,0.001,1412,0.0,0.36,4406920,1776960 ( 67.6% ),509,180 ( 54.7% ),68987385220,8018483,30,031_스파이더맨 파 프롬 홈.xlsx
45,2019-08-16,14,0.002,15,0.001,1507,0.0,0.2,2631180,-1775740 ( -40.3% ),302,-207 ( -40.7% ),68990016400,8018785,33,031_스파이더맨 파 프롬 홈.xlsx
46,2019-08-17,12,0.002,12,0.001,1397,0.0,0.243,3138360,507180 ( 19.3% ),340,38 ( 12.6% ),68993154760,8019125,35,031_스파이더맨 파 프롬 홈.xlsx
47,2019-08-18,13,0.002,13,0.001,1507,0.0,0.214,2826350,-312010 ( -9.9% ),323,-17 ( -5.0% ),68995981110,8019448,34,031_스파이더맨 파 프롬 홈.xlsx
48,2019-08-19,13,0.002,14,0.001,1742,0.001,0.104,1483830,-1342520 ( -47.5% ),182,-141 ( -43.7% ),68997464940,8019630,40,031_스파이더맨 파 프롬 홈.xlsx
49,2019-08-20,13,0.002,14,0.001,1764,0.001,0.095,1330500,-153330 ( -10.3% ),168,-14 ( -7.7% ),68998795440,8019798,42,031_스파이더맨 파 프롬 홈.xlsx
50,2019-08-21,7,0.001,8,0.0,1136,0.0,0.088,792650,-537850 ( -40.4% ),100,-68 ( -40.5% ),68999588090,8019898,54,031_스파이더맨 파 프롬 홈.xlsx
51,2019-08-22,7,0.001,8,0.0,941,0.0,0.104,809380,16730 ( 2.1% ),98,-2 ( -2.0% ),69000397470,8019996,61,031_스파이더맨 파 프롬 홈.xlsx
52,2019-08-23,8,0.001,8,0.0,860,0.0,0.087,662960,-146420 ( -18.1% ),75,-23 ( -23.5% ),69001060430,8020071,50,031_스파이더맨 파 프롬 홈.xlsx
53,2019-08-24,8,0.001,9,0.0,1073,0.0,0.211,1969960,1307000 ( 197.1% ),226,151 ( 201.3% ),69003030390,8020297,43,031_스파이더맨 파 프롬 홈.xlsx
54,2019-08-25,6,0.001,7,0.0,834,0.0,0.288,1905650,-64310 ( -3.3% ),240,14 ( 6.2% ),69004936040,8020537,43,031_스파이더맨 파 프롬 홈.xlsx
55,2019-08-26,6,0.001,7,0.0,926,0.0,0.093,740980,-1164670 ( -61.1% ),86,-154 ( -64.2% ),69005677020,8020623,51,031_스파이더맨 파 프롬 홈.xlsx
56,2019-08-27,6,0.001,7,0.0,938,0.0,0.083,596960,-144020 ( -19.4% ),78,-8 ( -9.3% ),69006273980,8020701,56,031_스파이더맨 파 프롬 홈.xlsx
57,2019-08-28,2,0.0,2,0.0,192,0.0,0.109,173000,-423960 ( -71.0% ),21,-57 ( -73.1% ),69006446980,8020722,83,031_스파이더맨 파 프롬 홈.xlsx
58,2019-08-29,1,0.0,1,0.0,88,0.0,0.114,79000,-94000 ( -54.3% ),10,-11 ( -52.4% ),69006525980,8020732,78,031_스파이더맨 파 프롬 홈.xlsx
59,2019-08-30,2,0.0,2,0.0,358,0.0,0.092,295440,216440 ( 274.0% ),33,23 ( 230.0% ),69006821420,8020765,67,031_스파이더맨 파 프롬 홈.xlsx
60,2019-08-31,3,0.0,3,0.0,395,0.0,0.109,393500,98060 ( 33.2% ),43,10 ( 30.3% ),69007214920,8020808,81,031_스파이더맨 파 프롬 홈.xlsx
61,2019-09-01,2,0.0,2,0.0,328,0.0,0.229,649650,256150 ( 65.1% ),75,32 ( 74.4% ),69007864570,8020883,53,031_스파이더맨 파 프롬 홈.xlsx
62,2019-09-02,2,0.0,2,0.0,205,0.0,0.044,59000,-590650 ( -90.9% ),9,-66 ( -88.0% ),69007923570,8020892,64,031_스파이더맨 파 프롬 홈.xlsx
63,2019-09-03,2,0.0,2,0.0,205,0.0,0.049,68000,9000 ( 15.3% ),10,1 ( 11.1% ),69007991570,8020902,76,031_스파이더맨 파 프롬 홈.xlsx
64,2019-09-04,2,0.0,2,0.0,192,0.0,0.026,33000,-35000 ( -51.5% ),5,-5 ( -50.0% ),69008024570,8020907,93,031_스파이더맨 파 프롬 홈.xlsx
65,2019-09-05,2,0.0,2,0.0,192,0.0,0.094,122610,89610 ( 271.5% ),18,13 ( 260.0% ),69008147180,8020925,81,031_스파이더맨 파 프롬 홈.xlsx
66,2019-09-06,2,0.0,2,0.0,192,0.0,0.042,51000,-71610 ( -58.4% ),8,-10 ( -55.6% ),69008198180,8020933,89,031_스파이더맨 파 프롬 홈.xlsx
67,2019-09-07,3,0.0,4,0.0,470,0.0,0.109,406920,355920 ( 697.9% ),51,43 ( 537.5% ),69008605100,8020984,64,031_스파이더맨 파 프롬 홈.xlsx
68,2019-09-08,3,0.0,4,0.0,505,0.0,0.119,506000,99080 ( 24.3% ),60,9 ( 17.6% ),69009111100,8021044,63,031_스파이더맨 파 프롬 홈.xlsx
69,2019-09-09,2,0.0,2,0.0,192,0.0,0.036,58000,-448000 ( -88.5% ),7,-53 ( -88.3% ),69009169100,8021051,83,031_스파이더맨 파 프롬 홈.xlsx
70,2019-09-10,2,0.0,3,0.0,280,0.0,0.046,102000,44000 ( 75.9% ),13,6 ( 85.7% ),69009271100,8021064,85,031_스파이더맨 파 프롬 홈.xlsx
71,2019-11-20,1,0.0,2,0.0,240,0.0,0.338,729000,729000 ( 100.0% ),81,81 ( 100.0% ),69010000100,8021145,74,031_스파이더맨 파 프롬 홈.xlsx
72,2020-03-19,8,0.002,17,0.002,5479,0.004,0.01,270000,270000 ( 100.0% ),54,54 ( 100.0% ),69010270100,8021199,48,031_스파이더맨 파 프롬 홈.xlsx
73,2020-03-20,12,0.002,22,0.003,6946,0.005,0.011,365000,95000 ( 35.2% ),73,19 ( 35.2% ),69010635100,8021272,43,031_스파이더맨 파 프롬 홈.xlsx
74,2020-03-21,11,0.002,20,0.002,5439,0.003,0.013,360000,-5000 ( -1.4% ),72,-1 ( -1.4% ),69010995100,8021344,55,031_스파이더맨 파 프롬 홈.xlsx
75,2020-03-22,14,0.003,20,0.002,4853,0.003,0.014,340000,-20000 ( -5.6% ),68,-4 ( -5.6% ),69011335100,8021412,51,031_스파이더맨 파 프롬 홈.xlsx
76,2020-03-23,11,0.003,18,0.003,5409,0.005,0.009,235000,-105000 ( -30.9% ),47,-21 ( -30.9% ),69011570100,8021459,44,031_스파이더맨 파 프롬 홈.xlsx
77,2020-03-24,11,0.003,15,0.002,4446,0.004,0.007,164500,-70500 ( -30.0% ),31,-16 ( -34.0% ),69011734600,8021490,53,031_스파이더맨 파 프롬 홈.xlsx
78,2020-03-25,2,0.0,3,0.0,1356,0.001,0.009,60000,-104500 ( -63.5% ),12,-19 ( -61.3% ),69011794600,8021502,78,031_스파이더맨 파 프롬 홈.xlsx
79,2020-04-02,44,0.014,69,0.013,13899,0.017,0.023,3199500,3199500 ( 100.0% ),320,320 ( 100.0% ),69014994100,8021822,16,031_스파이더맨 파 프롬 홈.xlsx
80,2020-04-03,41,0.013,63,0.012,12148,0.015,0.023,2840000,-359500 ( -11.2% ),284,-36 ( -11.3% ),69017834100,8022106,17,031_스파이더맨 파 프롬 홈.xlsx
81,2020-04-04,43,0.012,72,0.012,14159,0.015,0.023,3214000,374000 ( 13.2% ),322,38 ( 13.4% ),69021048100,8022428,20,031_스파이더맨 파 프롬 홈.xlsx
82,2020-04-05,42,0.012,71,0.012,14677,0.016,0.023,3359500,145500 ( 4.5% ),336,14 ( 4.3% ),69024407600,8022764,17,031_스파이더맨 파 프롬 홈.xlsx
83,2020-04-06,38,0.014,56,0.013,11666,0.017,0.015,1763500,-1596000 ( -47.5% ),177,-159 ( -47.3% ),69026171100,8022941,14,031_스파이더맨 파 프롬 홈.xlsx
84,2020-04-07,30,0.011,47,0.011,9675,0.014,0.017,1666000,-97500 ( -5.5% ),167,-10 ( -5.6% ),69027837100,8023108,16,031_스파이더맨 파 프롬 홈.xlsx
85,2020-04-08,40,0.014,57,0.012,11816,0.015,0.018,2183500,517500 ( 31.1% ),218,51 ( 30.5% ),69030020600,8023326,15,031_스파이더맨 파 프롬 홈.xlsx
86,2020-07-10,2,0.0,2,0.0,331,0.0,0.0,0,0 ( 0.0% ),0,0 ( 0.0% ),69030020600,8023326,163,031_스파이더맨 파 프롬 홈.xlsx
87,2020-07-15,1,0.0,1,0.0,110,0.0,0.0,0,0 ( 0.0% ),0,0 ( 0.0% ),69030020600,8023326,134,031_스파이더맨 파 프롬 홈.xlsx
88,2020-07-23,1,0.0,1,0.0,450,0.0,0.12,592000,592000 ( 100.0% ),54,54 ( 100.0% ),69030612600,8023380,43,031_스파이더맨 파 프롬 홈.xlsx
89,2020-07-24,2,0.0,2,0.0,592,0.0,0.083,559000,-33000 ( -5.6% ),49,-5 ( -9.3% ),69031171600,8023429,38,031_스파이더맨 파 프롬 홈.xlsx
