,날짜,스크린수,스크린점유율,상영횟수,상영점유율,좌석수,좌석점유율,좌석판매율,매출액,매출액증감(전일대비),관객수,관객수증감(전일대비),누적매출액,누적관객수,순위,영화이름
0,2017-10-03,600,0.102,2395,0.13,324006,0.11,0.507,1377207900,1377207900 ( 100.0% ),164399,164399 ( 100.0% ),1634269500,194807,3,050_범죄도시.xlsx
1,2017-10-04,687,0.117,2464,0.135,330818,0.113,0.624,1737787900,360580000 ( 26.2% ),206458,42059 ( 25.6% ),3372057400,401265,3,050_범죄도시.xlsx
2,2017-10-05,871,0.143,2966,0.159,402681,0.135,0.688,2305372600,567584700 ( 32.7% ),277219,70761 ( 34.3% ),5677430000,678484,3,050_범죄도시.xlsx
3,2017-10-06,1007,0.158,3460,0.185,484791,0.162,0.688,2764014054,458641454 ( 19.9% ),333298,56079 ( 20.2% ),8441444054,1011782,2,050_범죄도시.xlsx
4,2017-10-07,1158,0.18,4065,0.217,602362,0.201,0.614,3087016738,323002684 ( 11.7% ),369907,36609 ( 11.0% ),11528460792,1381689,2,050_범죄도시.xlsx
5,2017-10-08,1315,0.202,4545,0.243,697840,0.233,0.61,3573605100,486588362 ( 15.8% ),425472,55565 ( 15.0% ),15102065892,1807161,1,050_범죄도시.xlsx
6,2017-10-09,1266,0.208,4784,0.265,758245,0.263,0.532,3387916200,-185688900 ( -5.2% ),403114,-22358 ( -5.3% ),18489982092,2210275,1,050_범죄도시.xlsx
7,2017-10-10,1020,0.219,4689,0.297,784779,0.304,0.227,1342148600,-2045767600 ( -60.4% ),178322,-224792 ( -55.8% ),19832130692,2388597,1,050_범죄도시.xlsx
8,2017-10-11,1045,0.226,4819,0.305,812146,0.315,0.219,1332961800,-9186800 ( -0.7% ),177691,-631 ( -0.4% ),21165092492,2566288,1,050_범죄도시.xlsx
9,2017-10-12,898,0.176,3841,0.228,712434,0.259,0.218,1176894500,-156067300 ( -11.7% ),155478,-22213 ( -12.5% ),22341986992,2721766,1,050_범죄도시.xlsx
10,2017-10-13,974,0.185,4187,0.247,782594,0.284,0.249,1647544963,470650463 ( 40.0% ),195106,39628 ( 25.5% ),23989531955,2916872,1,050_범죄도시.xlsx
11,2017-10-14,1127,0.195,5215,0.29,1012042,0.348,0.392,3385157918,1737612955 ( 105.5% ),396245,201139 ( 103.1% ),27374689873,3313117,1,050_범죄도시.xlsx
12,2017-10-15,1116,0.196,5224,0.297,1014747,0.357,0.355,3091097200,-294060718 ( -8.7% ),360349,-35896 ( -9.1% ),30465787073,3673466,1,050_범죄도시.xlsx
13,2017-10-16,1039,0.212,4852,0.305,934395,0.36,0.142,1008812400,-2082284800 ( -67.4% ),132489,-227860 ( -63.2% ),31474599473,3805955,1,050_범죄도시.xlsx
14,2017-10-17,1070,0.21,4857,0.306,929815,0.359,0.137,968249600,-40562800 ( -4.0% ),127832,-4657 ( -3.5% ),32442849073,3933787,1,050_범죄도시.xlsx
15,2017-10-18,1074,0.21,4936,0.31,939144,0.363,0.137,972578000,4328400 ( 0.4% ),128403,571 ( 0.4% ),33415427073,4062190,1,050_범죄도시.xlsx
16,2017-10-19,826,0.143,3730,0.222,681086,0.246,0.173,894168800,-78409200 ( -8.1% ),117775,-10628 ( -8.3% ),34309595873,4179965,1,050_범죄도시.xlsx
17,2017-10-20,885,0.146,3935,0.227,718842,0.254,0.232,1404829044,510660244 ( 57.1% ),166800,49025 ( 41.6% ),35714424917,4346765,1,050_범죄도시.xlsx
18,2017-10-21,994,0.154,4596,0.248,855465,0.283,0.376,2747994941,1343165897 ( 95.6% ),321311,154511 ( 92.6% ),38462419858,4668076,1,050_범죄도시.xlsx
19,2017-10-22,986,0.155,4595,0.254,858032,0.29,0.349,2572164100,-175830841 ( -6.4% ),299116,-22195 ( -6.9% ),41034583958,4967192,1,050_범죄도시.xlsx
20,2017-10-23,906,0.164,4246,0.258,781009,0.287,0.14,824492100,-1747672000 ( -67.9% ),109005,-190111 ( -63.6% ),41859076058,5076197,1,050_범죄도시.xlsx
21,2017-10-24,914,0.16,4261,0.258,781820,0.287,0.128,757190300,-67301800 ( -8.2% ),100208,-8797 ( -8.1% ),42616266358,5176405,1,050_범죄도시.xlsx
22,2017-10-25,696,0.129,2665,0.16,380616,0.141,0.293,676147600,-81042700 ( -10.7% ),111470,11262 ( 11.2% ),43292413958,5287875,2,050_범죄도시.xlsx
23,2017-10-26,662,0.124,2697,0.162,384978,0.142,0.211,612166500,-63981100 ( -9.5% ),81135,-30335 ( -27.2% ),43904580458,5369010,2,050_범죄도시.xlsx
24,2017-10-27,687,0.127,2863,0.167,404284,0.145,0.267,909097722,296931222 ( 48.5% ),107996,26861 ( 33.1% ),44813678180,5477006,2,050_범죄도시.xlsx
25,2017-10-28,768,0.135,3237,0.179,462036,0.159,0.412,1618957524,709859802 ( 78.1% ),190514,82518 ( 76.4% ),46432635704,5667520,2,050_범죄도시.xlsx
26,2017-10-29,760,0.136,3211,0.182,456775,0.16,0.389,1516526700,-102430824 ( -6.3% ),177537,-12977 ( -6.8% ),47949162404,5845057,2,050_범죄도시.xlsx
27,2017-10-30,708,0.141,3109,0.19,436676,0.164,0.17,557734200,-958792500 ( -63.2% ),74380,-103157 ( -58.1% ),48506896604,5919437,2,050_범죄도시.xlsx
28,2017-10-31,717,0.139,3096,0.19,435999,0.164,0.168,545458400,-12275800 ( -2.2% ),73257,-1123 ( -1.5% ),49052355004,5992694,2,050_범죄도시.xlsx
29,2017-11-01,728,0.143,3153,0.194,444335,0.168,0.145,484800300,-60658100 ( -11.1% ),64455,-8802 ( -12.0% ),49537155304,6057149,2,050_범죄도시.xlsx
30,2017-11-02,550,0.104,1947,0.114,269405,0.097,0.168,343228200,-141572100 ( -29.2% ),45275,-19180 ( -29.8% ),49880383504,6102424,4,050_범죄도시.xlsx
31,2017-11-03,575,0.106,2036,0.116,285010,0.1,0.22,530506840,187278640 ( 54.6% ),62666,17391 ( 38.4% ),50410890344,6165090,3,050_범죄도시.xlsx
32,2017-11-04,610,0.104,2179,0.117,299873,0.1,0.364,939860367,409353527 ( 77.2% ),109027,46361 ( 74.0% ),51350750711,6274117,3,050_범죄도시.xlsx
33,2017-11-05,605,0.105,2145,0.118,299878,0.102,0.316,820742200,-119118167 ( -12.7% ),94881,-14146 ( -13.0% ),52171492911,6368998,3,050_범죄도시.xlsx
34,2017-11-06,547,0.109,2079,0.126,286885,0.106,0.132,289152000,-531590200 ( -64.8% ),37951,-56930 ( -60.0% ),52460644911,6406949,3,050_범죄도시.xlsx
35,2017-11-07,564,0.109,2093,0.127,291109,0.108,0.124,274367600,-14784400 ( -5.1% ),36032,-1919 ( -5.1% ),52735012511,6442981,3,050_범죄도시.xlsx
36,2017-11-08,555,0.109,2029,0.12,276094,0.1,0.121,254798700,-19568900 ( -7.1% ),33468,-2564 ( -7.1% ),52989811211,6476449,4,050_범죄도시.xlsx
37,2017-11-09,497,0.085,1462,0.082,205098,0.071,0.131,203664700,-51134000 ( -20.1% ),26828,-6640 ( -19.8% ),53193475911,6503277,5,050_범죄도시.xlsx
38,2017-11-10,517,0.085,1523,0.083,211285,0.07,0.174,312369628,108704928 ( 53.4% ),36787,9959 ( 37.1% ),53505845539,6540064,5,050_범죄도시.xlsx
39,2017-11-11,540,0.082,1591,0.081,218804,0.069,0.337,639784910,327415282 ( 104.8% ),73842,37055 ( 100.7% ),54145630449,6613906,4,050_범죄도시.xlsx
40,2017-11-12,535,0.081,1578,0.082,216406,0.069,0.293,550348200,-89436710 ( -14.0% ),63384,-10458 ( -14.2% ),54695978649,6677290,4,050_범죄도시.xlsx
41,2017-11-13,521,0.09,1576,0.091,220229,0.078,0.113,186982300,-363365900 ( -66.0% ),24824,-38560 ( -60.8% ),54882960949,6702114,4,050_범죄도시.xlsx
42,2017-11-14,524,0.088,1581,0.092,220349,0.079,0.102,169610300,-17372000 ( -9.3% ),22373,-2451 ( -9.9% ),55052571249,6724487,4,050_범죄도시.xlsx
43,2017-11-15,485,0.072,961,0.056,136119,0.049,0.101,101827300,-67783000 ( -40.0% ),13716,-8657 ( -38.7% ),55154398549,6738203,6,050_범죄도시.xlsx
44,2017-11-16,321,0.056,637,0.036,77537,0.027,0.137,80128300,-21699000 ( -21.3% ),10618,-3098 ( -22.6% ),55234526849,6748821,6,050_범죄도시.xlsx
45,2017-11-17,361,0.06,727,0.04,90303,0.031,0.155,119347600,39219300 ( 48.9% ),14038,3420 ( 32.2% ),55353874449,6762859,6,050_범죄도시.xlsx
46,2017-11-18,375,0.061,750,0.039,91658,0.03,0.289,228801000,109453400 ( 91.7% ),26516,12478 ( 88.9% ),55582675449,6789375,6,050_범죄도시.xlsx
47,2017-11-19,381,0.062,742,0.04,91983,0.031,0.249,199479600,-29321400 ( -12.8% ),22897,-3619 ( -13.6% ),55782155049,6812272,6,050_범죄도시.xlsx
48,2017-11-20,369,0.067,795,0.047,99146,0.036,0.098,72290500,-127189100 ( -63.8% ),9677,-13220 ( -57.7% ),55854445549,6821949,6,050_범죄도시.xlsx
49,2017-11-21,362,0.064,777,0.047,97537,0.036,0.086,63695700,-8594800 ( -11.9% ),8436,-1241 ( -12.8% ),55918141249,6830385,6,050_범죄도시.xlsx
50,2017-11-22,246,0.047,474,0.028,56971,0.021,0.079,33320000,-30375700 ( -47.7% ),4509,-3927 ( -46.6% ),55951461249,6834894,7,050_범죄도시.xlsx
51,2017-11-23,204,0.036,321,0.019,39962,0.014,0.089,26522700,-6797300 ( -20.4% ),3568,-941 ( -20.9% ),55977983949,6838462,10,050_범죄도시.xlsx
52,2017-11-24,227,0.04,372,0.021,46653,0.016,0.114,44927500,18404800 ( 69.4% ),5297,1729 ( 48.5% ),56022911449,6843759,6,050_범죄도시.xlsx
53,2017-11-25,213,0.035,358,0.019,43021,0.014,0.212,79149400,34221900 ( 76.2% ),9109,3812 ( 72.0% ),56102060849,6852868,7,050_범죄도시.xlsx
54,2017-11-26,212,0.035,341,0.019,41197,0.014,0.219,77730000,-1419400 ( -1.8% ),9042,-67 ( -0.7% ),56179790849,6861910,8,050_범죄도시.xlsx
55,2017-11-27,231,0.043,390,0.024,48519,0.018,0.091,33307500,-44422500 ( -57.1% ),4419,-4623 ( -51.1% ),56213098349,6866329,6,050_범죄도시.xlsx
56,2017-11-28,235,0.042,393,0.024,49501,0.018,0.096,35610000,2302500 ( 6.9% ),4756,337 ( 7.6% ),56248708349,6871085,6,050_범죄도시.xlsx
57,2017-11-29,62,0.011,87,0.005,11214,0.004,0.115,8285900,-27324100 ( -76.7% ),1295,-3461 ( -72.8% ),56256994249,6872380,12,050_범죄도시.xlsx
58,2017-11-30,51,0.009,70,0.004,8486,0.003,0.107,6612000,-1673900 ( -20.2% ),912,-383 ( -29.6% ),56263606249,6873292,13,050_범죄도시.xlsx
59,2017-12-01,49,0.009,66,0.004,8151,0.003,0.106,7219900,607900 ( 9.2% ),867,-45 ( -4.9% ),56270826149,6874159,15,050_범죄도시.xlsx
60,2017-12-02,48,0.008,61,0.003,7446,0.002,0.214,13611600,6391700 ( 88.5% ),1591,724 ( 83.5% ),56284437749,6875750,15,050_범죄도시.xlsx
61,2017-12-03,45,0.008,56,0.003,6503,0.002,0.2,11309900,-2301700 ( -16.9% ),1299,-292 ( -18.4% ),56295747649,6877049,15,050_범죄도시.xlsx
62,2017-12-04,51,0.01,67,0.004,8121,0.003,0.067,4108500,-7201400 ( -63.7% ),541,-758 ( -58.4% ),56299856149,6877590,15,050_범죄도시.xlsx
63,2017-12-05,49,0.009,65,0.004,7841,0.003,0.065,3710000,-398500 ( -9.7% ),507,-34 ( -6.3% ),56303566149,6878097,17,050_범죄도시.xlsx
64,2017-12-06,49,0.009,66,0.004,8049,0.003,0.076,4716000,1006000 ( 27.1% ),609,102 ( 20.1% ),56308282149,6878706,20,050_범죄도시.xlsx
65,2017-12-07,10,0.002,13,0.001,1339,0.0,0.079,819000,-3897000 ( -82.6% ),106,-503 ( -82.6% ),56309101149,6878812,57,050_범죄도시.xlsx
66,2017-12-08,10,0.002,12,0.001,1459,0.0,0.071,905500,86500 ( 10.6% ),104,-2 ( -1.9% ),56310006649,6878916,59,050_범죄도시.xlsx
67,2017-12-09,7,0.001,12,0.001,1047,0.0,0.292,2762500,1857000 ( 205.1% ),306,202 ( 194.2% ),56312769149,6879222,35,050_범죄도시.xlsx
68,2017-12-10,9,0.001,13,0.001,1143,0.0,0.253,2694500,-68000 ( -2.5% ),289,-17 ( -5.6% ),56315463649,6879511,34,050_범죄도시.xlsx
69,2017-12-11,9,0.001,11,0.001,1251,0.0,0.068,656500,-2038000 ( -75.6% ),85,-204 ( -70.6% ),56316120149,6879596,55,050_범죄도시.xlsx
70,2017-12-12,10,0.002,12,0.001,1236,0.0,0.06,570500,-86000 ( -13.1% ),74,-11 ( -12.9% ),56316690649,6879670,70,050_범죄도시.xlsx
71,2017-12-13,10,0.002,12,0.001,1310,0.0,0.084,780500,210000 ( 36.8% ),110,36 ( 48.6% ),56317471149,6879780,57,050_범죄도시.xlsx
72,2017-12-14,1,0.0,1,0.0,160,0.0,0.05,58000,-722500 ( -92.6% ),8,-102 ( -92.7% ),56317529149,6879788,104,050_범죄도시.xlsx
73,2017-12-15,1,0.0,1,0.0,160,0.0,0.063,92000,34000 ( 58.6% ),10,2 ( 25.0% ),56317621149,6879798,100,050_범죄도시.xlsx
74,2017-12-17,1,0.0,1,0.0,160,0.0,0.15,230000,230000 ( 100.0% ),24,24 ( 100.0% ),56317851149,6879822,66,050_범죄도시.xlsx
75,2017-12-18,1,0.0,1,0.0,160,0.0,0.05,64000,-166000 ( -72.2% ),8,-16 ( -66.7% ),56317915149,6879830,83,050_범죄도시.xlsx
76,2017-12-19,1,0.0,1,0.0,160,0.0,0.069,99000,35000 ( 54.7% ),11,3 ( 37.5% ),56318014149,6879841,93,050_범죄도시.xlsx
77,2018-01-19,10,0.002,10,0.001,1416,0.001,0.121,1021100,1021100 ( 100.0% ),172,172 ( 100.0% ),56319035249,6880013,32,050_범죄도시.xlsx
78,2018-01-20,5,0.001,5,0.0,672,0.0,0.228,921500,-99600 ( -9.8% ),153,-19 ( -11.0% ),56319956749,6880166,38,050_범죄도시.xlsx
79,2018-01-21,8,0.001,8,0.0,1133,0.0,0.163,1092100,170600 ( 18.5% ),185,32 ( 20.9% ),56321048849,6880351,32,050_범죄도시.xlsx
80,2018-01-26,2,0.0,2,0.0,288,0.0,0.045,76000,76000 ( 100.0% ),13,13 ( 100.0% ),56321124849,6880364,69,050_범죄도시.xlsx
81,2018-01-27,3,0.0,3,0.0,360,0.0,0.108,234000,158000 ( 207.9% ),39,26 ( 200.0% ),56321358849,6880403,66,050_범죄도시.xlsx
82,2018-01-28,3,0.0,3,0.0,414,0.0,0.242,580500,346500 ( 148.1% ),100,61 ( 156.4% ),56321939349,6880503,47,050_범죄도시.xlsx
83,2018-04-03,1,0.0,2,0.0,300,0.0,0.007,10000,10000 ( 100.0% ),2,2 ( 100.0% ),56321949349,6880505,78,050_범죄도시.xlsx
84,2018-04-04,1,0.0,2,0.0,300,0.0,0.013,20000,10000 ( 100.0% ),4,2 ( 100.0% ),56321969349,6880509,75,050_범죄도시.xlsx
85,2018-04-05,1,0.0,1,0.0,150,0.0,0.007,4000,-16000 ( -80.0% ),1,-3 ( -75.0% ),56321973349,6880510,90,050_범죄도시.xlsx
86,2018-04-06,1,0.0,1,0.0,150,0.0,0.007,5000,1000 ( 25.0% ),1,0 ( 0.0% ),56321978349,6880511,106,050_범죄도시.xlsx
87,2018-04-08,1,0.0,1,0.0,150,0.0,0.007,5000,5000 ( 100.0% ),1,1 ( 100.0% ),56321983349,6880512,113,050_범죄도시.xlsx
88,2018-04-09,1,0.0,1,0.0,150,0.0,0.027,20000,15000 ( 300.0% ),4,3 ( 300.0% ),56322003349,6880516,93,050_범죄도시.xlsx
89,2018-04-10,1,0.0,1,0.0,150,0.0,0.02,15000,-5000 ( -25.0% ),3,-1 ( -25.0% ),56322018349,6880519,96,050_범죄도시.xlsx
