,날짜,스크린수,스크린점유율,상영횟수,상영점유율,좌석수,좌석점유율,좌석판매율,매출액,매출액증감(전일대비),관객수,관객수증감(전일대비),누적매출액,누적관객수,순위,영화이름
0,2015-08-05,957,0.22,5096,0.319,916883,0.348,0.452,3129197200,3082161800 ( 6552.9% ),414219,409023 ( 7871.9% ),3332719600,439640,1,006_베테랑.xlsx
1,2015-08-06,942,0.213,5009,0.312,905532,0.343,0.447,3062333800,-66863400 ( -2.1% ),404907,-9312 ( -2.2% ),6395053400,844547,1,006_베테랑.xlsx
2,2015-08-07,984,0.216,5100,0.314,921369,0.344,0.519,3822836218,760502418 ( 24.8% ),477754,72847 ( 18.0% ),10217889618,1322301,1,006_베테랑.xlsx
3,2015-08-08,1034,0.223,5332,0.322,964650,0.353,0.742,5744084405,1921248187 ( 50.3% ),715334,237580 ( 49.7% ),15961974023,2037635,1,006_베테랑.xlsx
4,2015-08-09,1064,0.233,5349,0.328,971012,0.361,0.746,5819291900,75207495 ( 1.3% ),723999,8665 ( 1.2% ),21781265923,2761634,1,006_베테랑.xlsx
5,2015-08-10,1016,0.234,5226,0.333,965235,0.373,0.436,3180133300,-2639158600 ( -45.4% ),420701,-303298 ( -41.9% ),24961399223,3182335,1,006_베테랑.xlsx
6,2015-08-11,1040,0.231,5258,0.334,974081,0.376,0.419,3069469900,-110663400 ( -3.5% ),407694,-13007 ( -3.1% ),28030869123,3590029,1,006_베테랑.xlsx
7,2015-08-12,1057,0.239,5405,0.343,1014781,0.39,0.387,2960267600,-109202300 ( -3.6% ),392815,-14879 ( -3.6% ),30991136723,3982844,1,006_베테랑.xlsx
8,2015-08-13,907,0.195,4814,0.296,987971,0.367,0.412,3079775800,119508200 ( 4.0% ),406788,13973 ( 3.6% ),34070912523,4389632,1,006_베테랑.xlsx
9,2015-08-14,1034,0.207,5235,0.312,1068402,0.387,0.669,5721321489,2641545689 ( 85.8% ),715051,308263 ( 75.8% ),39792234012,5104683,1,006_베테랑.xlsx
10,2015-08-15,1115,0.215,5629,0.335,1140118,0.411,0.726,6658053353,936731864 ( 16.4% ),827984,112933 ( 15.8% ),46450287365,5932667,1,006_베테랑.xlsx
11,2015-08-16,1110,0.213,5523,0.336,1120502,0.413,0.635,5736846100,-921207253 ( -13.8% ),711071,-116913 ( -14.1% ),52187133465,6643738,1,006_베테랑.xlsx
12,2015-08-17,964,0.215,5054,0.327,1028312,0.403,0.302,2360041900,-3376804200 ( -58.9% ),310651,-400420 ( -56.3% ),54547175365,6954389,1,006_베테랑.xlsx
13,2015-08-18,973,0.212,5065,0.327,1031387,0.404,0.267,2085923100,-274118800 ( -11.6% ),275747,-34904 ( -11.2% ),56633098465,7230136,1,006_베테랑.xlsx
14,2015-08-19,983,0.214,5063,0.329,1024081,0.402,0.238,1852684700,-233238400 ( -11.2% ),244240,-31507 ( -11.4% ),58485783165,7474376,1,006_베테랑.xlsx
15,2015-08-20,813,0.171,4184,0.263,868041,0.33,0.258,1701067000,-151617700 ( -8.2% ),223836,-20404 ( -8.4% ),60186850165,7698212,1,006_베테랑.xlsx
16,2015-08-21,825,0.175,4331,0.269,898623,0.337,0.318,2311128525,610061525 ( 35.9% ),285776,61940 ( 27.7% ),62497978690,7983988,1,006_베테랑.xlsx
17,2015-08-22,906,0.181,4736,0.285,979831,0.358,0.547,4354341431,2043212906 ( 88.4% ),535808,250032 ( 87.5% ),66852320121,8519796,1,006_베테랑.xlsx
18,2015-08-23,892,0.181,4633,0.286,960194,0.359,0.546,4228577200,-125764231 ( -2.9% ),524191,-11617 ( -2.2% ),71080897321,9043987,1,006_베테랑.xlsx
19,2015-08-24,809,0.182,4240,0.282,876649,0.352,0.193,1285800600,-2942776600 ( -69.6% ),169321,-354870 ( -67.7% ),72366697921,9213308,1,006_베테랑.xlsx
20,2015-08-25,824,0.18,4228,0.283,871084,0.352,0.209,1372123700,86323100 ( 6.7% ),181855,12534 ( 7.4% ),73738821621,9395163,1,006_베테랑.xlsx
21,2015-08-26,836,0.18,4269,0.286,885524,0.358,0.226,1306119200,-66004500 ( -4.8% ),200266,18411 ( 10.1% ),75044940821,9595429,1,006_베테랑.xlsx
22,2015-08-27,839,0.187,4271,0.278,887913,0.351,0.156,1041683100,-264436100 ( -20.2% ),138587,-61679 ( -30.8% ),76086623921,9734016,1,006_베테랑.xlsx
23,2015-08-28,843,0.184,4428,0.282,917732,0.354,0.21,1541283577,499600477 ( 48.0% ),192462,53875 ( 38.9% ),77627907498,9926478,1,006_베테랑.xlsx
24,2015-08-29,876,0.176,4677,0.285,980453,0.364,0.464,3689736628,2148453051 ( 139.4% ),454912,262450 ( 136.4% ),81317644126,10381390,1,006_베테랑.xlsx
25,2015-08-30,873,0.179,4571,0.286,957675,0.365,0.452,3469678000,-220058628 ( -6.0% ),432706,-22206 ( -4.9% ),84787322126,10814096,1,006_베테랑.xlsx
26,2015-08-31,828,0.192,4262,0.285,881816,0.356,0.164,1072549100,-2397128900 ( -69.1% ),144260,-288446 ( -66.7% ),85859871226,10958356,1,006_베테랑.xlsx
27,2015-09-01,834,0.19,4223,0.287,873667,0.357,0.14,907287100,-165262000 ( -15.4% ),122026,-22234 ( -15.4% ),86767158326,11080382,1,006_베테랑.xlsx
28,2015-09-02,833,0.19,4203,0.287,868194,0.357,0.13,840111200,-67175900 ( -7.4% ),112792,-9234 ( -7.6% ),87607269526,11193174,1,006_베테랑.xlsx
29,2015-09-03,611,0.132,2748,0.181,494527,0.195,0.176,650953100,-189158100 ( -22.5% ),87190,-25602 ( -22.7% ),88258222626,11280364,2,006_베테랑.xlsx
30,2015-09-04,621,0.132,2864,0.183,513547,0.198,0.227,935572433,284619333 ( 43.7% ),116808,29618 ( 34.0% ),89193795059,11397172,2,006_베테랑.xlsx
31,2015-09-05,669,0.134,3200,0.195,571543,0.211,0.45,2099799473,1164227040 ( 124.4% ),257263,140455 ( 120.2% ),91293594532,11654435,2,006_베테랑.xlsx
32,2015-09-06,669,0.136,3131,0.196,555565,0.21,0.409,1840691800,-259107673 ( -12.3% ),227365,-29898 ( -11.6% ),93134286332,11881800,2,006_베테랑.xlsx
33,2015-09-07,612,0.136,2833,0.191,501114,0.202,0.134,499532200,-1341159600 ( -72.9% ),67059,-160306 ( -70.5% ),93633818532,11948859,2,006_베테랑.xlsx
34,2015-09-08,617,0.136,2820,0.192,499543,0.203,0.117,435645800,-63886400 ( -12.8% ),58658,-8401 ( -12.5% ),94069464332,12007517,2,006_베테랑.xlsx
35,2015-09-09,622,0.137,2806,0.191,496094,0.203,0.116,415730600,-19915200 ( -4.6% ),57463,-1195 ( -2.0% ),94485194932,12064980,2,006_베테랑.xlsx
36,2015-09-10,615,0.134,2810,0.191,491772,0.2,0.107,392834400,-22896200 ( -5.5% ),52595,-4868 ( -8.5% ),94878029332,12117575,2,006_베테랑.xlsx
37,2015-09-11,633,0.136,2928,0.192,511591,0.202,0.141,579609300,186774900 ( 47.5% ),72154,19559 ( 37.2% ),95457638632,12189729,2,006_베테랑.xlsx
38,2015-09-12,674,0.135,3213,0.198,569966,0.213,0.293,1366657200,787047900 ( 135.8% ),167184,95030 ( 131.7% ),96824295832,12356913,2,006_베테랑.xlsx
39,2015-09-13,658,0.134,3111,0.198,550288,0.211,0.255,1145612400,-221044800 ( -16.2% ),140466,-26718 ( -16.0% ),97969908232,12497379,2,006_베테랑.xlsx
40,2015-09-14,622,0.137,2823,0.197,494049,0.206,0.091,338333700,-807278700 ( -70.5% ),45068,-95398 ( -67.9% ),98308241932,12542447,2,006_베테랑.xlsx
41,2015-09-15,627,0.136,2808,0.198,491530,0.207,0.085,311391200,-26942500 ( -8.0% ),41749,-3319 ( -7.4% ),98619633132,12584196,2,006_베테랑.xlsx
42,2015-09-16,399,0.099,1322,0.091,168920,0.07,0.146,183204000,-128187200 ( -41.2% ),24714,-17035 ( -40.8% ),98802837132,12608910,3,006_베테랑.xlsx
43,2015-09-17,395,0.101,1270,0.088,156738,0.065,0.163,191005100,7801100 ( 4.3% ),25570,856 ( 3.5% ),98993842232,12634480,3,006_베테랑.xlsx
44,2015-09-18,405,0.101,1304,0.087,160615,0.065,0.197,254546115,63541015 ( 33.3% ),31713,6143 ( 24.0% ),99248388347,12666193,4,006_베테랑.xlsx
45,2015-09-19,423,0.101,1275,0.081,156486,0.06,0.395,508578103,254031988 ( 99.8% ),61871,30158 ( 95.1% ),99756966450,12728064,4,006_베테랑.xlsx
46,2015-09-20,424,0.102,1256,0.082,155069,0.061,0.379,478360400,-30217703 ( -5.9% ),58782,-3089 ( -5.0% ),100235326850,12786846,4,006_베테랑.xlsx
47,2015-09-21,404,0.107,1323,0.093,163386,0.069,0.144,175290100,-303070300 ( -63.4% ),23500,-35282 ( -60.0% ),100410616950,12810346,3,006_베테랑.xlsx
48,2015-09-22,408,0.105,1337,0.094,165561,0.07,0.137,169099000,-6191100 ( -3.5% ),22619,-881 ( -3.7% ),100579715950,12832965,3,006_베테랑.xlsx
49,2015-09-23,410,0.106,1345,0.095,168090,0.071,0.137,171887700,2788700 ( 1.6% ),23035,416 ( 1.8% ),100751603650,12856000,3,006_베테랑.xlsx
50,2015-09-24,253,0.06,506,0.033,64999,0.026,0.19,92068600,-79819100 ( -46.4% ),12362,-10673 ( -46.3% ),100843672250,12868362,7,006_베테랑.xlsx
51,2015-09-25,273,0.063,562,0.035,72217,0.027,0.341,196913100,104844500 ( 113.9% ),24606,12244 ( 99.0% ),101040585350,12892968,7,006_베테랑.xlsx
52,2015-09-26,320,0.066,659,0.039,86546,0.031,0.554,392813700,195900600 ( 99.5% ),47951,23345 ( 94.9% ),101433399050,12940919,6,006_베테랑.xlsx
53,2015-09-27,389,0.078,812,0.048,107739,0.039,0.699,627253900,234440200 ( 59.7% ),75340,27389 ( 57.1% ),102060652950,13016259,6,006_베테랑.xlsx
54,2015-09-28,453,0.086,984,0.057,137095,0.049,0.772,863787800,236533900 ( 37.7% ),105903,30563 ( 40.6% ),102924440750,13122162,6,006_베테랑.xlsx
55,2015-09-29,429,0.083,905,0.055,125799,0.046,0.7,707876600,-155911200 ( -18.0% ),88104,-17799 ( -16.8% ),103632317350,13210266,5,006_베테랑.xlsx
56,2015-09-30,272,0.059,576,0.038,75494,0.03,0.395,206451300,-501425300 ( -70.8% ),29799,-58305 ( -66.2% ),103838768650,13240065,5,006_베테랑.xlsx
57,2015-10-01,243,0.054,527,0.035,67841,0.027,0.272,113595500,-92855800 ( -45.0% ),18426,-11373 ( -38.2% ),103952364150,13258491,5,006_베테랑.xlsx
58,2015-10-02,255,0.055,567,0.037,72207,0.029,0.235,135335100,21739600 ( 19.1% ),16941,-1485 ( -8.1% ),104087699250,13275432,5,006_베테랑.xlsx
59,2015-10-03,294,0.058,690,0.043,90018,0.034,0.402,293779600,158444500 ( 117.1% ),36165,19224 ( 113.5% ),104381478850,13311597,5,006_베테랑.xlsx
60,2015-10-04,292,0.058,670,0.043,86960,0.034,0.339,239978300,-53801300 ( -18.3% ),29470,-6695 ( -18.5% ),104621457150,13341067,5,006_베테랑.xlsx
61,2015-10-05,272,0.062,636,0.045,82320,0.035,0.126,77031900,-162946400 ( -67.9% ),10342,-19128 ( -64.9% ),104698489050,13351409,5,006_베테랑.xlsx
62,2015-10-06,263,0.058,610,0.043,79300,0.034,0.121,71387500,-5644400 ( -7.3% ),9616,-726 ( -7.0% ),104769876550,13361025,5,006_베테랑.xlsx
63,2015-10-07,274,0.06,634,0.045,81902,0.035,0.123,75356200,3968700 ( 5.6% ),10073,457 ( 4.8% ),104845232750,13371098,5,006_베테랑.xlsx
64,2015-10-08,102,0.024,162,0.011,18981,0.008,0.195,27524600,-47831600 ( -63.5% ),3703,-6370 ( -63.2% ),104872757350,13374801,8,006_베테랑.xlsx
65,2015-10-09,106,0.023,180,0.011,21419,0.008,0.416,70903900,43379300 ( 157.6% ),8921,5218 ( 140.9% ),104943661250,13383722,9,006_베테랑.xlsx
66,2015-10-10,110,0.023,176,0.011,21360,0.008,0.365,63550700,-7353200 ( -10.4% ),7786,-1135 ( -12.7% ),105007211950,13391508,9,006_베테랑.xlsx
67,2015-10-11,105,0.022,170,0.011,20264,0.008,0.309,51269700,-12281000 ( -19.3% ),6254,-1532 ( -19.7% ),105058481650,13397762,9,006_베테랑.xlsx
68,2015-10-12,105,0.026,181,0.013,22340,0.01,0.084,13482000,-37787700 ( -73.7% ),1867,-4387 ( -70.1% ),105071963650,13399629,8,006_베테랑.xlsx
69,2015-10-13,106,0.026,177,0.013,22038,0.01,0.084,12494000,-988000 ( -7.3% ),1845,-22 ( -1.2% ),105084457650,13401474,9,006_베테랑.xlsx
70,2015-10-14,102,0.025,170,0.012,20911,0.009,0.093,10956500,-1537500 ( -12.3% ),1940,95 ( 5.1% ),105095414150,13403414,9,006_베테랑.xlsx
71,2015-10-15,37,0.008,56,0.004,6118,0.003,0.101,4739500,-6217000 ( -56.7% ),619,-1321 ( -68.1% ),105100153650,13404033,20,006_베테랑.xlsx
72,2015-10-16,41,0.008,59,0.004,6674,0.003,0.121,6364200,1624700 ( 34.3% ),809,190 ( 30.7% ),105106517850,13404842,20,006_베테랑.xlsx
73,2015-10-17,46,0.009,59,0.004,7306,0.003,0.177,10749100,4384900 ( 68.9% ),1292,483 ( 59.7% ),105117266950,13406134,19,006_베테랑.xlsx
74,2015-10-18,44,0.009,58,0.004,7235,0.003,0.18,10570900,-178200 ( -1.7% ),1301,9 ( 0.7% ),105127837850,13407435,19,006_베테랑.xlsx
75,2015-10-19,38,0.008,58,0.004,6868,0.003,0.076,3993500,-6577400 ( -62.2% ),521,-780 ( -60.0% ),105131831350,13407956,20,006_베테랑.xlsx
76,2015-10-20,36,0.008,58,0.004,6757,0.003,0.077,3890000,-103500 ( -2.6% ),519,-2 ( -0.4% ),105135721350,13408475,21,006_베테랑.xlsx
77,2015-10-21,34,0.007,53,0.004,6225,0.003,0.079,3657500,-232500 ( -6.0% ),492,-27 ( -5.2% ),105139378850,13408967,24,006_베테랑.xlsx
78,2015-10-22,4,0.001,4,0.0,408,0.0,0.1,301000,-3356500 ( -91.8% ),41,-451 ( -91.7% ),105139679850,13409008,58,006_베테랑.xlsx
79,2015-10-23,7,0.002,7,0.0,977,0.0,0.107,872000,571000 ( 189.7% ),105,64 ( 156.1% ),105140551850,13409113,43,006_베테랑.xlsx
80,2015-10-24,7,0.001,7,0.0,829,0.0,0.379,2297000,1425000 ( 163.4% ),314,209 ( 199.0% ),105142848850,13409427,28,006_베테랑.xlsx
81,2015-10-25,7,0.002,7,0.0,890,0.0,0.164,1265000,-1032000 ( -44.9% ),146,-168 ( -53.5% ),105144113850,13409573,36,006_베테랑.xlsx
82,2015-10-26,7,0.002,10,0.001,1676,0.001,0.281,2195000,930000 ( 73.5% ),471,325 ( 222.6% ),105146308850,13410044,18,006_베테랑.xlsx
83,2015-10-27,6,0.001,9,0.001,1408,0.001,0.309,1917500,-277500 ( -12.6% ),435,-36 ( -7.6% ),105148226350,13410479,22,006_베테랑.xlsx
84,2015-10-28,8,0.002,8,0.001,1023,0.0,0.242,1270000,-647500 ( -33.8% ),248,-187 ( -43.0% ),105149496350,13410727,31,006_베테랑.xlsx
85,2015-10-29,4,0.001,4,0.0,586,0.0,0.024,112000,-1158000 ( -91.2% ),14,-234 ( -94.4% ),105149608350,13410741,83,006_베테랑.xlsx
86,2015-10-30,5,0.001,5,0.0,676,0.0,0.052,297000,185000 ( 165.2% ),35,21 ( 150.0% ),105149905350,13410776,78,006_베테랑.xlsx
87,2015-10-31,7,0.001,7,0.0,854,0.0,0.056,359000,62000 ( 20.9% ),48,13 ( 37.1% ),105150264350,13410824,89,006_베테랑.xlsx
88,2015-11-01,8,0.002,8,0.001,1123,0.0,0.046,398000,39000 ( 10.9% ),52,4 ( 8.3% ),105150662350,13410876,70,006_베테랑.xlsx
89,2015-11-02,6,0.001,6,0.0,864,0.0,0.031,215400,-182600 ( -45.9% ),27,-25 ( -48.1% ),105150877750,13410903,63,006_베테랑.xlsx
