,날짜,스크린수,스크린점유율,상영횟수,상영점유율,좌석수,좌석점유율,좌석판매율,매출액,매출액증감(전일대비),관객수,관객수증감(전일대비),누적매출액,누적관객수,순위,영화이름
0,2012-10-31,588,0.193,2907,0.252,601900,0.295,0.214,877499000,876029000 ( 59593.8% ),128787,128577 ( 61227.1% ),909118000,133642,1,051_늑대소년.xlsx
1,2012-11-01,623,0.204,2992,0.261,618869,0.305,0.211,905299500,27800500 ( 3.2% ),130530,1743 ( 1.4% ),1814417500,264172,1,051_늑대소년.xlsx
2,2012-11-02,629,0.202,3159,0.263,653569,0.308,0.295,1407640000,502340500 ( 55.5% ),193006,62476 ( 47.9% ),3222057500,457178,1,051_늑대소년.xlsx
3,2012-11-03,677,0.193,3515,0.275,723430,0.324,0.579,3030504000,1622864000 ( 115.3% ),419007,226001 ( 117.1% ),6252561500,876185,1,051_늑대소년.xlsx
4,2012-11-04,706,0.202,3488,0.284,713834,0.332,0.586,3030147500,-356500 ( 0.0% ),418232,-775 ( -0.2% ),9282709000,1294417,1,051_늑대소년.xlsx
5,2012-11-05,640,0.209,3183,0.283,661706,0.332,0.258,1194241500,-1835906000 ( -60.6% ),170979,-247253 ( -59.1% ),10476950500,1465396,1,051_늑대소년.xlsx
6,2012-11-06,672,0.219,3242,0.291,669891,0.339,0.255,1179409000,-14832500 ( -1.2% ),170925,-54 ( 0.0% ),11656359500,1636321,1,051_늑대소년.xlsx
7,2012-11-07,703,0.226,3448,0.303,711219,0.355,0.411,1990633000,811224000 ( 68.8% ),292350,121425 ( 71.0% ),13646992500,1928671,1,051_늑대소년.xlsx
8,2012-11-08,756,0.237,3731,0.309,805978,0.379,0.424,2213294000,222661000 ( 11.2% ),341398,49048 ( 16.8% ),15860286500,2270069,1,051_늑대소년.xlsx
9,2012-11-09,730,0.23,3706,0.3,811331,0.373,0.32,1838501500,-374792500 ( -16.9% ),259513,-81885 ( -24.0% ),17698788000,2529582,1,051_늑대소년.xlsx
10,2012-11-10,854,0.249,4438,0.337,954614,0.415,0.563,3850102500,2011601000 ( 109.4% ),537894,278381 ( 107.3% ),21548890500,3067476,1,051_늑대소년.xlsx
11,2012-11-11,854,0.254,4311,0.34,926561,0.418,0.579,3840425500,-9677000 ( -0.3% ),536400,-1494 ( -0.3% ),25389316000,3603876,1,051_늑대소년.xlsx
12,2012-11-12,721,0.233,3653,0.312,805011,0.39,0.196,1071784500,-2768641000 ( -72.1% ),157640,-378760 ( -70.6% ),26461100500,3761516,1,051_늑대소년.xlsx
13,2012-11-13,736,0.234,3641,0.315,801425,0.391,0.182,975669000,-96115500 ( -9.0% ),145542,-12098 ( -7.7% ),27436769500,3907058,1,051_늑대소년.xlsx
14,2012-11-14,765,0.237,3633,0.312,797076,0.387,0.198,1059386000,83717000 ( 8.6% ),157763,12221 ( 8.4% ),28496155500,4064821,1,051_늑대소년.xlsx
15,2012-11-15,673,0.218,3224,0.263,692577,0.32,0.183,845582000,-213804000 ( -20.2% ),126927,-30836 ( -19.5% ),29341737500,4191748,2,051_늑대소년.xlsx
16,2012-11-16,678,0.215,3354,0.263,717382,0.319,0.244,1235245000,389663000 ( 46.1% ),175208,48281 ( 38.0% ),30576982500,4366956,2,051_늑대소년.xlsx
17,2012-11-17,668,0.21,3576,0.266,742729,0.315,0.528,2794193500,1558948500 ( 126.2% ),392170,216962 ( 123.8% ),33371176000,4759126,1,051_늑대소년.xlsx
18,2012-11-18,676,0.215,3469,0.268,720411,0.318,0.464,2369454500,-424739000 ( -15.2% ),334421,-57749 ( -14.7% ),35740630500,5093547,1,051_늑대소년.xlsx
19,2012-11-19,643,0.212,3102,0.258,645328,0.303,0.146,634438000,-1735016500 ( -73.2% ),94011,-240410 ( -71.9% ),36375068500,5187558,2,051_늑대소년.xlsx
20,2012-11-20,671,0.216,3104,0.261,643089,0.306,0.149,629324000,-5114000 ( -0.8% ),95838,1827 ( 1.9% ),37004392500,5283396,2,051_늑대소년.xlsx
21,2012-11-21,652,0.212,3102,0.26,643853,0.305,0.156,669293500,39969500 ( 6.4% ),100346,4508 ( 4.7% ),37673686000,5383742,2,051_늑대소년.xlsx
22,2012-11-22,568,0.185,2559,0.2,546126,0.244,0.148,538705000,-130588500 ( -19.5% ),80922,-19424 ( -19.4% ),38212391000,5464664,2,051_늑대소년.xlsx
23,2012-11-23,595,0.186,2662,0.2,571658,0.245,0.196,788583000,249878000 ( 46.4% ),112272,31350 ( 38.7% ),39000974000,5576936,2,051_늑대소년.xlsx
24,2012-11-24,581,0.164,2782,0.198,597085,0.243,0.396,1705598500,917015500 ( 116.3% ),236706,124434 ( 110.8% ),40706572500,5813642,1,051_늑대소년.xlsx
25,2012-11-25,567,0.162,2649,0.196,570944,0.242,0.354,1446218500,-259380000 ( -15.2% ),201876,-34830 ( -14.7% ),42152791000,6015518,1,051_늑대소년.xlsx
26,2012-11-26,552,0.18,2518,0.2,535759,0.242,0.116,417362000,-1028856500 ( -71.1% ),62320,-139556 ( -69.1% ),42570153000,6077838,3,051_늑대소년.xlsx
27,2012-11-27,565,0.184,2493,0.199,525972,0.238,0.126,433934500,16572500 ( 4.0% ),66394,4074 ( 6.5% ),43004087500,6144232,1,051_늑대소년.xlsx
28,2012-11-28,539,0.176,2488,0.198,528018,0.239,0.119,424595500,-9339000 ( -2.2% ),62880,-3514 ( -5.3% ),43428683000,6207112,1,051_늑대소년.xlsx
29,2012-11-29,382,0.113,1736,0.14,363759,0.167,0.13,315524500,-109071000 ( -25.7% ),47336,-15544 ( -24.7% ),43744207500,6254448,2,051_늑대소년.xlsx
30,2012-11-30,379,0.11,1807,0.138,374149,0.164,0.158,420604000,105079500 ( 33.3% ),59109,11773 ( 24.9% ),44164811500,6313557,2,051_늑대소년.xlsx
31,2012-12-01,409,0.109,1885,0.137,380066,0.158,0.298,836422500,415818500 ( 98.9% ),113280,54171 ( 91.6% ),45001234000,6426837,3,051_늑대소년.xlsx
32,2012-12-02,400,0.109,1792,0.136,352220,0.153,0.263,683033000,-153389500 ( -18.3% ),92747,-20533 ( -18.1% ),45684267000,6519584,3,051_늑대소년.xlsx
33,2012-12-03,373,0.112,1657,0.139,331678,0.159,0.075,169418500,-513614500 ( -75.2% ),24782,-67965 ( -73.3% ),45853685500,6544366,2,051_늑대소년.xlsx
34,2012-12-04,377,0.111,1630,0.137,323544,0.155,0.082,177657000,8238500 ( 4.9% ),26526,1744 ( 7.0% ),46031342500,6570892,2,051_늑대소년.xlsx
35,2012-12-05,377,0.11,1596,0.136,318829,0.155,0.079,167256000,-10401000 ( -5.9% ),25300,-1226 ( -4.6% ),46198598500,6596192,2,051_늑대소년.xlsx
36,2012-12-06,115,0.033,398,0.033,65832,0.031,0.109,45661000,-121595000 ( -72.7% ),7152,-18148 ( -71.7% ),46244259500,6603344,8,051_늑대소년.xlsx
37,2012-12-07,106,0.03,386,0.031,61296,0.028,0.122,50360500,4699500 ( 10.3% ),7492,340 ( 4.8% ),46294620000,6610836,8,051_늑대소년.xlsx
38,2012-12-08,74,0.019,263,0.019,40412,0.017,0.22,62794000,12433500 ( 24.7% ),8909,1417 ( 18.9% ),46357414000,6619745,11,051_늑대소년.xlsx
39,2012-12-09,74,0.02,240,0.018,37178,0.016,0.203,52429500,-10364500 ( -16.5% ),7530,-1379 ( -15.5% ),46409843500,6627275,11,051_늑대소년.xlsx
40,2012-12-10,69,0.02,210,0.018,33683,0.016,0.073,14484500,-37945000 ( -72.4% ),2454,-5076 ( -67.4% ),46424328000,6629729,14,051_늑대소년.xlsx
41,2012-12-11,67,0.019,200,0.017,31829,0.015,0.065,13028500,-1456000 ( -10.1% ),2055,-399 ( -16.3% ),46437356500,6631784,15,051_늑대소년.xlsx
42,2012-12-12,66,0.018,214,0.018,34291,0.016,0.069,15377000,2348500 ( 18.0% ),2380,325 ( 15.8% ),46452733500,6634164,13,051_늑대소년.xlsx
43,2012-12-13,33,0.01,108,0.01,14820,0.008,0.087,8557000,-6820000 ( -44.4% ),1289,-1091 ( -45.8% ),46461290500,6635453,15,051_늑대소년.xlsx
44,2012-12-14,36,0.01,120,0.01,16545,0.008,0.104,11654000,3097000 ( 36.2% ),1720,431 ( 33.4% ),46472944500,6637173,14,051_늑대소년.xlsx
45,2012-12-15,36,0.01,129,0.01,17678,0.008,0.266,32485000,20831000 ( 178.7% ),4701,2981 ( 173.3% ),46505429500,6641874,12,051_늑대소년.xlsx
46,2012-12-16,35,0.01,125,0.01,17133,0.008,0.269,31745000,-740000 ( -2.3% ),4607,-94 ( -2.0% ),46537174500,6646481,12,051_늑대소년.xlsx
47,2012-12-17,31,0.009,113,0.01,16040,0.008,0.073,8193500,-23551500 ( -74.2% ),1176,-3431 ( -74.5% ),46545368000,6647657,14,051_늑대소년.xlsx
48,2012-12-18,37,0.009,102,0.009,13952,0.007,0.112,9926000,1732500 ( 21.1% ),1563,387 ( 32.9% ),46555294000,6649220,13,051_늑대소년.xlsx
49,2012-12-19,8,0.002,31,0.002,3821,0.002,0.382,9974500,48500 ( 0.5% ),1458,-105 ( -6.7% ),46565268500,6650678,16,051_늑대소년.xlsx
50,2012-12-20,7,0.002,22,0.002,3210,0.002,0.069,1556500,-8418000 ( -84.4% ),223,-1235 ( -84.7% ),46566825000,6650901,25,051_늑대소년.xlsx
51,2012-12-21,8,0.002,23,0.002,3013,0.001,0.172,3191000,1634500 ( 105.0% ),518,295 ( 132.3% ),46570016000,6651419,19,051_늑대소년.xlsx
52,2012-12-22,7,0.002,28,0.002,3113,0.001,0.266,5808500,2617500 ( 82.0% ),828,310 ( 59.8% ),46575824500,6652247,19,051_늑대소년.xlsx
53,2012-12-23,7,0.002,26,0.002,2938,0.001,0.248,5149000,-659500 ( -11.4% ),730,-98 ( -11.8% ),46580973500,6652977,18,051_늑대소년.xlsx
54,2012-12-24,8,0.002,22,0.002,2811,0.001,0.132,2131000,-3018000 ( -58.6% ),371,-359 ( -49.2% ),46583104500,6653348,22,051_늑대소년.xlsx
55,2012-12-25,3,0.001,9,0.001,1020,0.0,0.532,3798000,1667000 ( 78.2% ),543,172 ( 46.4% ),46586902500,6653891,21,051_늑대소년.xlsx
56,2012-12-26,2,0.001,4,0.0,530,0.0,0.062,238500,-3559500 ( -93.7% ),33,-510 ( -93.9% ),46587141000,6653924,43,051_늑대소년.xlsx
57,2012-12-27,3,0.001,4,0.0,625,0.0,0.088,395000,156500 ( 65.6% ),55,22 ( 66.7% ),46587536000,6653979,44,051_늑대소년.xlsx
58,2012-12-28,2,0.001,9,0.001,925,0.0,0.062,403000,8000 ( 2.0% ),57,2 ( 3.6% ),46587939000,6654036,39,051_늑대소년.xlsx
59,2012-12-29,3,0.001,8,0.001,924,0.0,0.124,702000,299000 ( 74.2% ),115,58 ( 101.8% ),46588641000,6654151,30,051_늑대소년.xlsx
60,2012-12-30,3,0.001,9,0.001,1098,0.0,0.114,776000,74000 ( 10.5% ),125,10 ( 8.7% ),46589417000,6654276,30,051_늑대소년.xlsx
61,2012-12-31,3,0.001,10,0.001,1177,0.0,0.097,690000,-86000 ( -11.1% ),114,-11 ( -8.8% ),46590107000,6654390,27,051_늑대소년.xlsx
62,2013-01-01,2,0.001,7,0.001,743,0.0,0.162,827000,137000 ( 19.9% ),120,6 ( 5.3% ),46590934000,6654510,27,051_늑대소년.xlsx
63,2013-01-02,1,0.0,4,0.0,316,0.0,0.06,144000,-683000 ( -82.6% ),19,-101 ( -84.2% ),46591078000,6654529,53,051_늑대소년.xlsx
64,2013-01-03,1,0.0,4,0.0,316,0.0,0.07,142000,-2000 ( -1.4% ),22,3 ( 15.8% ),46591220000,6654551,49,051_늑대소년.xlsx
65,2013-01-04,2,0.001,5,0.0,490,0.0,0.051,159000,17000 ( 12.0% ),25,3 ( 13.6% ),46591379000,6654576,47,051_늑대소년.xlsx
66,2013-01-05,1,0.0,6,0.0,474,0.0,0.146,434000,275000 ( 173.0% ),69,44 ( 176.0% ),46591813000,6654645,38,051_늑대소년.xlsx
67,2013-01-06,1,0.0,5,0.0,395,0.0,0.094,257000,-177000 ( -40.8% ),37,-32 ( -46.4% ),46592070000,6654682,41,051_늑대소년.xlsx
68,2013-01-07,2,0.001,5,0.0,490,0.0,0.035,115500,-141500 ( -55.1% ),17,-20 ( -54.1% ),46592185500,6654699,50,051_늑대소년.xlsx
69,2013-01-08,2,0.001,5,0.0,490,0.0,0.057,165000,49500 ( 42.9% ),28,11 ( 64.7% ),46592350500,6654727,46,051_늑대소년.xlsx
70,2013-01-09,1,0.0,1,0.0,77,0.0,0.013,8000,-157000 ( -95.2% ),1,-27 ( -96.4% ),46592358500,6654728,75,051_늑대소년.xlsx
71,2013-01-10,1,0.0,2,0.0,154,0.0,0.11,112000,104000 ( 1300.0% ),17,16 ( 1600.0% ),46592470500,6654745,51,051_늑대소년.xlsx
72,2013-01-11,1,0.0,2,0.0,154,0.0,0.058,62000,-50000 ( -44.6% ),9,-8 ( -47.1% ),46592532500,6654754,69,051_늑대소년.xlsx
73,2013-01-12,1,0.0,2,0.0,154,0.0,0.097,106000,44000 ( 71.0% ),15,6 ( 66.7% ),46592638500,6654769,65,051_늑대소년.xlsx
74,2013-01-13,1,0.0,2,0.0,154,0.0,0.078,82000,-24000 ( -22.6% ),12,-3 ( -20.0% ),46592720500,6654781,72,051_늑대소년.xlsx
75,2013-01-14,1,0.0,2,0.0,154,0.0,0.026,28000,-54000 ( -65.9% ),4,-8 ( -66.7% ),46592748500,6654785,73,051_늑대소년.xlsx
76,2013-01-15,1,0.0,1,0.0,77,0.0,0.091,54000,26000 ( 92.9% ),7,3 ( 75.0% ),46592802500,6654792,76,051_늑대소년.xlsx
77,2013-01-16,1,0.0,2,0.0,154,0.0,0.058,62000,8000 ( 14.8% ),9,2 ( 28.6% ),46592864500,6654801,71,051_늑대소년.xlsx
78,2013-01-17,1,0.0,2,0.0,154,0.0,0.071,74000,12000 ( 19.4% ),11,2 ( 22.2% ),46592938500,6654812,72,051_늑대소년.xlsx
79,2013-01-19,1,0.0,2,0.0,154,0.0,0.058,59000,59000 ( 100.0% ),9,9 ( 100.0% ),46592997500,6654821,73,051_늑대소년.xlsx
80,2013-01-20,1,0.0,1,0.0,77,0.0,0.104,56000,-3000 ( -5.1% ),8,-1 ( -11.1% ),46593053500,6654829,68,051_늑대소년.xlsx
81,2013-01-21,1,0.0,1,0.0,77,0.0,0.039,18000,-38000 ( -67.9% ),3,-5 ( -62.5% ),46593071500,6654832,67,051_늑대소년.xlsx
82,2013-01-22,1,0.0,2,0.0,154,0.0,0.032,36000,18000 ( 100.0% ),5,2 ( 66.7% ),46593107500,6654837,76,051_늑대소년.xlsx
83,2013-03-21,1,0.0,1,0.0,77,0.0,0.026,11000,11000 ( 100.0% ),2,2 ( 100.0% ),46593118500,6654839,77,051_늑대소년.xlsx
84,2013-03-26,1,0.0,1,0.0,77,0.0,0.039,22000,22000 ( 100.0% ),3,3 ( 100.0% ),46593140500,6654842,83,051_늑대소년.xlsx
85,2015-05-11,1,0.0,1,0.0,306,0.0,0.0,0,0 ( 0.0% ),0,0 ( 0.0% ),46593140500,6654842,77,051_늑대소년.xlsx
86,2015-10-26,1,0.0,1,0.0,173,0.0,0.474,472400,472400 ( 100.0% ),82,82 ( 100.0% ),46593612900,6654924,49,051_늑대소년.xlsx
87,2015-11-04,1,0.0,1,0.0,153,0.0,0.013,12000,12000 ( 100.0% ),2,2 ( 100.0% ),46593624900,6654926,108,051_늑대소년.xlsx
88,2015-11-05,2,0.0,2,0.0,277,0.0,0.011,18000,6000 ( 50.0% ),3,1 ( 50.0% ),46593642900,6654929,80,051_늑대소년.xlsx
89,2015-11-06,2,0.0,2,0.0,270,0.0,0.019,27000,9000 ( 50.0% ),5,2 ( 66.7% ),46593669900,6654934,84,051_늑대소년.xlsx
