,날짜,스크린수,스크린점유율,상영횟수,상영점유율,좌석수,좌석점유율,좌석판매율,매출액,매출액증감(전일대비),관객수,관객수증감(전일대비),누적매출액,누적관객수,순위,영화이름
0,2012-12-18,371,0.093,816,0.071,151154,0.077,0.387,418483000,418483000 ( 100.0% ),58492,58492 ( 100.0% ),423130500,59207,4,062_레미제라블.xlsx
1,2012-12-19,589,0.152,2297,0.174,459253,0.202,0.618,2077372000,1658889000 ( 396.4% ),283842,225350 ( 385.3% ),2500502500,343049,1,062_레미제라블.xlsx
2,2012-12-20,612,0.169,2342,0.199,468988,0.23,0.285,918832500,-1158539500 ( -55.8% ),133799,-150043 ( -52.9% ),3419335000,476848,1,062_레미제라블.xlsx
3,2012-12-21,652,0.175,2486,0.203,498707,0.236,0.346,1255847500,337015000 ( 36.7% ),172343,38544 ( 28.8% ),4675182500,649191,1,062_레미제라블.xlsx
4,2012-12-22,667,0.163,2640,0.19,541808,0.226,0.578,2350098500,1094251000 ( 87.1% ),313399,141056 ( 81.8% ),7025281000,962590,1,062_레미제라블.xlsx
5,2012-12-23,673,0.166,2634,0.192,538305,0.228,0.563,2255391000,-94707500 ( -4.0% ),302960,-10439 ( -3.3% ),9280672000,1265550,1,062_레미제라블.xlsx
6,2012-12-24,696,0.169,2720,0.197,557464,0.235,0.552,2185319500,-70071500 ( -3.1% ),307788,4828 ( 1.6% ),11465991500,1573338,1,062_레미제라블.xlsx
7,2012-12-25,607,0.14,2356,0.163,457966,0.184,0.777,2652423500,467104000 ( 21.4% ),355821,48033 ( 15.6% ),14118415000,1929159,2,062_레미제라블.xlsx
8,2012-12-26,611,0.154,2287,0.18,449875,0.205,0.308,960562000,-1691861500 ( -63.8% ),138749,-217072 ( -61.0% ),15078977000,2067908,1,062_레미제라블.xlsx
9,2012-12-27,599,0.152,2298,0.18,456391,0.207,0.299,946571500,-13990500 ( -1.5% ),136281,-2468 ( -1.8% ),16025548500,2204189,1,062_레미제라블.xlsx
10,2012-12-28,593,0.153,2429,0.185,480152,0.212,0.355,1272663500,326092000 ( 34.4% ),170390,34109 ( 25.0% ),17298212000,2374579,2,062_레미제라블.xlsx
11,2012-12-29,621,0.155,2599,0.186,513698,0.214,0.574,2199800000,927136500 ( 72.9% ),294762,124372 ( 73.0% ),19498012000,2669341,2,062_레미제라블.xlsx
12,2012-12-30,620,0.155,2568,0.187,509110,0.216,0.563,2139147000,-60653000 ( -2.8% ),286503,-8259 ( -2.8% ),21637159000,2955844,2,062_레미제라블.xlsx
13,2012-12-31,623,0.159,2678,0.194,531070,0.224,0.479,1791446500,-347700500 ( -16.3% ),254263,-32240 ( -11.3% ),23428605500,3210107,2,062_레미제라블.xlsx
14,2013-01-01,592,0.16,2466,0.185,486945,0.212,0.602,2206113000,414666500 ( 23.1% ),293220,38957 ( 15.3% ),25634718500,3503327,2,062_레미제라블.xlsx
15,2013-01-02,580,0.16,2349,0.186,468715,0.214,0.205,677146500,-1528966500 ( -69.3% ),96037,-197183 ( -67.2% ),26311865000,3599364,2,062_레미제라블.xlsx
16,2013-01-03,576,0.157,2312,0.184,463001,0.212,0.18,586184000,-90962500 ( -13.4% ),83450,-12587 ( -13.1% ),26898049000,3682814,2,062_레미제라블.xlsx
17,2013-01-04,588,0.16,2410,0.186,476208,0.213,0.21,752785500,166601500 ( 28.4% ),99915,16465 ( 19.7% ),27650834500,3782729,2,062_레미제라블.xlsx
18,2013-01-05,578,0.153,2444,0.181,476999,0.205,0.474,1706651000,953865500 ( 126.7% ),226161,126246 ( 126.4% ),29357485500,4008890,2,062_레미제라블.xlsx
19,2013-01-06,573,0.153,2367,0.18,463086,0.204,0.431,1483937000,-222714000 ( -13.0% ),199581,-26580 ( -11.8% ),30841422500,4208471,2,062_레미제라블.xlsx
20,2013-01-07,565,0.156,2266,0.184,444580,0.208,0.168,520961500,-962975500 ( -64.9% ),74536,-125045 ( -62.7% ),31362384000,4283007,2,062_레미제라블.xlsx
21,2013-01-08,559,0.155,2261,0.182,444402,0.206,0.172,529933500,8972000 ( 1.7% ),76308,1772 ( 2.4% ),31892317500,4359315,2,062_레미제라블.xlsx
22,2013-01-09,378,0.108,1468,0.123,281562,0.135,0.208,405717000,-124216500 ( -23.4% ),58537,-17771 ( -23.3% ),32298034500,4417852,3,062_레미제라블.xlsx
23,2013-01-10,372,0.104,1452,0.12,273842,0.13,0.21,398567500,-7149500 ( -1.8% ),57430,-1107 ( -1.9% ),32696602000,4475282,3,062_레미제라블.xlsx
24,2013-01-11,378,0.103,1485,0.119,279397,0.129,0.262,543441500,144874000 ( 36.3% ),73295,15865 ( 27.6% ),33240043500,4548577,3,062_레미제라블.xlsx
25,2013-01-12,409,0.103,1531,0.116,285833,0.125,0.518,1101521500,558080000 ( 102.7% ),148029,74734 ( 102.0% ),34341565000,4696606,3,062_레미제라블.xlsx
26,2013-01-13,410,0.103,1489,0.117,276547,0.125,0.471,960397000,-141124500 ( -12.8% ),130231,-17798 ( -12.0% ),35301962000,4826837,3,062_레미제라블.xlsx
27,2013-01-14,388,0.105,1437,0.119,265457,0.126,0.204,372149000,-588248000 ( -61.3% ),54180,-76051 ( -58.4% ),35674111000,4881017,3,062_레미제라블.xlsx
28,2013-01-15,391,0.105,1447,0.119,268000,0.126,0.222,404283000,32134000 ( 8.6% ),59389,5209 ( 9.6% ),36078394000,4940406,3,062_레미제라블.xlsx
29,2013-01-16,392,0.105,1451,0.12,267481,0.127,0.214,391503000,-12780000 ( -3.2% ),57223,-2166 ( -3.6% ),36469897000,4997629,2,062_레미제라블.xlsx
30,2013-01-17,342,0.092,1094,0.087,199396,0.09,0.245,343890000,-47613000 ( -12.2% ),48945,-8278 ( -14.5% ),36813787000,5046574,5,062_레미제라블.xlsx
31,2013-01-18,341,0.09,1126,0.086,202004,0.089,0.289,437644500,93754500 ( 27.3% ),58419,9474 ( 19.4% ),37251431500,5104993,4,062_레미제라블.xlsx
32,2013-01-19,372,0.093,1178,0.087,205371,0.087,0.55,846244500,408600000 ( 93.4% ),112883,54464 ( 93.2% ),38097676000,5217876,5,062_레미제라블.xlsx
33,2013-01-20,373,0.094,1149,0.087,201262,0.088,0.5,747537500,-98707000 ( -11.7% ),100572,-12311 ( -10.9% ),38845213500,5318448,5,062_레미제라블.xlsx
34,2013-01-21,364,0.098,1130,0.091,200273,0.092,0.212,292703500,-454834000 ( -60.8% ),42372,-58200 ( -57.9% ),39137917000,5360820,3,062_레미제라블.xlsx
35,2013-01-22,365,0.095,1134,0.09,200336,0.091,0.226,308316500,15613000 ( 5.3% ),45228,2856 ( 6.7% ),39446233500,5406048,2,062_레미제라블.xlsx
36,2013-01-23,331,0.087,944,0.074,157979,0.071,0.225,244278500,-64038000 ( -20.8% ),35610,-9618 ( -21.3% ),39690512000,5441658,3,062_레미제라블.xlsx
37,2013-01-24,330,0.086,905,0.069,151652,0.067,0.219,225957500,-18321000 ( -7.5% ),33224,-2386 ( -6.7% ),39916469500,5474882,3,062_레미제라블.xlsx
38,2013-01-25,336,0.085,958,0.071,160714,0.069,0.233,276125000,50167500 ( 22.2% ),37437,4213 ( 12.7% ),40192594500,5512319,3,062_레미제라블.xlsx
39,2013-01-26,351,0.083,976,0.069,160879,0.066,0.435,529199500,253074500 ( 91.7% ),69930,32493 ( 86.8% ),40721794000,5582249,5,062_레미제라블.xlsx
40,2013-01-27,352,0.084,942,0.069,157184,0.066,0.379,446036500,-83163000 ( -15.7% ),59568,-10362 ( -14.8% ),41167830500,5641817,5,062_레미제라블.xlsx
41,2013-01-28,319,0.083,912,0.071,153030,0.069,0.167,175271000,-270765500 ( -60.7% ),25632,-33936 ( -57.0% ),41343101500,5667449,3,062_레미제라블.xlsx
42,2013-01-29,325,0.073,808,0.063,131151,0.059,0.188,162764500,-12506500 ( -7.1% ),24668,-964 ( -3.8% ),41505866000,5692117,4,062_레미제라블.xlsx
43,2013-01-30,218,0.059,524,0.041,73757,0.033,0.212,102732500,-60032000 ( -36.9% ),15635,-9033 ( -36.6% ),41608598500,5707752,5,062_레미제라블.xlsx
44,2013-01-31,212,0.058,502,0.039,70284,0.031,0.224,102986000,253500 ( 0.2% ),15759,124 ( 0.8% ),41711584500,5723511,5,062_레미제라블.xlsx
45,2013-02-01,208,0.057,502,0.038,68908,0.03,0.237,116862000,13876000 ( 13.5% ),16326,567 ( 3.6% ),41828446500,5739837,4,062_레미제라블.xlsx
46,2013-02-02,176,0.046,402,0.029,56624,0.023,0.453,188455000,71593000 ( 61.3% ),25636,9310 ( 57.0% ),42016901500,5765473,6,062_레미제라블.xlsx
47,2013-02-03,177,0.046,379,0.028,52650,0.023,0.388,147323000,-41132000 ( -21.8% ),20449,-5187 ( -20.2% ),42164224500,5785922,6,062_레미제라블.xlsx
48,2013-02-04,209,0.06,493,0.04,67080,0.031,0.156,70098000,-77225000 ( -52.4% ),10480,-9969 ( -48.8% ),42234322500,5796402,4,062_레미제라블.xlsx
49,2013-02-05,206,0.058,496,0.04,68104,0.031,0.176,77882000,7784000 ( 11.1% ),11996,1516 ( 14.5% ),42312204500,5808398,5,062_레미제라블.xlsx
50,2013-02-06,82,0.026,171,0.013,25495,0.011,0.179,29839500,-48042500 ( -61.7% ),4561,-7435 ( -62.0% ),42342044000,5812959,7,062_레미제라블.xlsx
51,2013-02-07,49,0.014,108,0.008,17911,0.008,0.218,26602500,-3237000 ( -10.8% ),3902,-659 ( -14.4% ),42368646500,5816861,7,062_레미제라블.xlsx
52,2013-02-08,51,0.015,113,0.008,18749,0.008,0.355,49950500,23348000 ( 87.8% ),6660,2758 ( 70.7% ),42418597000,5823521,7,062_레미제라블.xlsx
53,2013-02-09,34,0.009,66,0.004,10086,0.004,0.563,42742500,-7208000 ( -14.4% ),5675,-985 ( -14.8% ),42461339500,5829196,8,062_레미제라블.xlsx
54,2013-02-10,34,0.009,68,0.005,10506,0.004,0.554,46291000,3548500 ( 8.3% ),5818,143 ( 2.5% ),42507630500,5835014,8,062_레미제라블.xlsx
55,2013-02-11,36,0.009,76,0.005,11891,0.005,0.717,63905000,17614000 ( 38.1% ),8524,2706 ( 46.5% ),42571535500,5843538,8,062_레미제라블.xlsx
56,2013-02-12,56,0.016,123,0.009,20427,0.009,0.42,57427000,-6478000 ( -10.1% ),8588,64 ( 0.8% ),42628962500,5852126,8,062_레미제라블.xlsx
57,2013-02-13,63,0.018,135,0.01,22310,0.01,0.273,40689500,-16737500 ( -29.1% ),6098,-2490 ( -29.0% ),42669652000,5858224,7,062_레미제라블.xlsx
58,2013-02-14,25,0.007,48,0.004,7195,0.003,0.39,18693500,-21996000 ( -54.1% ),2804,-3294 ( -54.0% ),42688345500,5861028,12,062_레미제라블.xlsx
59,2013-02-15,28,0.008,56,0.004,8418,0.004,0.385,23630000,4936500 ( 26.4% ),3242,438 ( 15.6% ),42711975500,5864270,11,062_레미제라블.xlsx
60,2013-02-16,24,0.006,51,0.004,9210,0.004,0.479,32857500,9227500 ( 39.0% ),4415,1173 ( 36.2% ),42744833000,5868685,13,062_레미제라블.xlsx
61,2013-02-17,23,0.006,50,0.004,9033,0.004,0.494,32304500,-553000 ( -1.7% ),4458,43 ( 1.0% ),42777137500,5873143,13,062_레미제라블.xlsx
62,2013-02-18,29,0.008,64,0.005,10191,0.004,0.248,17102500,-15202000 ( -47.1% ),2529,-1929 ( -43.3% ),42794240000,5875672,11,062_레미제라블.xlsx
63,2013-02-19,30,0.009,64,0.005,9785,0.004,0.27,17332000,229500 ( 1.3% ),2646,117 ( 4.6% ),42811572000,5878318,12,062_레미제라블.xlsx
64,2013-02-20,28,0.008,63,0.005,10469,0.005,0.227,15491000,-1841000 ( -10.6% ),2376,-270 ( -10.2% ),42827063000,5880694,12,062_레미제라블.xlsx
65,2013-02-21,23,0.006,42,0.003,6196,0.003,0.255,10403000,-5088000 ( -32.8% ),1583,-793 ( -33.4% ),42837466000,5882277,16,062_레미제라블.xlsx
66,2013-02-22,20,0.005,38,0.003,5999,0.003,0.251,10621500,218500 ( 2.1% ),1504,-79 ( -5.0% ),42848087500,5883781,16,062_레미제라블.xlsx
67,2013-02-23,17,0.004,41,0.003,6521,0.003,0.396,19424000,8802500 ( 82.9% ),2584,1080 ( 71.8% ),42867511500,5886365,15,062_레미제라블.xlsx
68,2013-02-24,20,0.005,48,0.004,7203,0.003,0.416,22365500,2941500 ( 15.1% ),2996,412 ( 15.9% ),42889877000,5889361,15,062_레미제라블.xlsx
69,2013-02-25,20,0.005,43,0.003,6356,0.003,0.192,8015500,-14350000 ( -64.2% ),1218,-1778 ( -59.3% ),42897892500,5890579,16,062_레미제라블.xlsx
70,2013-02-26,23,0.006,47,0.004,7265,0.003,0.245,11831500,3816000 ( 47.6% ),1783,565 ( 46.4% ),42909724000,5892362,17,062_레미제라블.xlsx
71,2013-02-27,21,0.005,41,0.003,5998,0.003,0.269,10692000,-1139500 ( -9.6% ),1611,-172 ( -9.6% ),42920416000,5893973,15,062_레미제라블.xlsx
72,2013-02-28,14,0.004,25,0.002,3392,0.001,0.316,7107500,-3584500 ( -33.5% ),1071,-540 ( -33.5% ),42927523500,5895044,21,062_레미제라블.xlsx
73,2013-03-01,14,0.003,27,0.002,3836,0.002,0.654,18868500,11761000 ( 165.5% ),2509,1438 ( 134.3% ),42946392000,5897553,16,062_레미제라블.xlsx
74,2013-03-02,12,0.003,25,0.002,3596,0.001,0.546,14891000,-3977500 ( -21.1% ),1962,-547 ( -21.8% ),42961283000,5899515,17,062_레미제라블.xlsx
75,2013-03-03,16,0.004,29,0.002,4099,0.002,0.425,13779500,-1111500 ( -7.5% ),1742,-220 ( -11.2% ),42975062500,5901257,17,062_레미제라블.xlsx
76,2013-03-04,13,0.004,27,0.002,4058,0.002,0.122,3218500,-10561000 ( -76.6% ),497,-1245 ( -71.5% ),42978281000,5901754,19,062_레미제라블.xlsx
77,2013-03-05,14,0.004,28,0.002,4097,0.002,0.135,3693000,474500 ( 14.7% ),554,57 ( 11.5% ),42981974000,5902308,18,062_레미제라블.xlsx
78,2013-03-06,12,0.004,25,0.002,3620,0.002,0.165,3907500,214500 ( 5.8% ),596,42 ( 7.6% ),42985881500,5902904,17,062_레미제라블.xlsx
79,2013-03-07,8,0.002,12,0.001,1395,0.001,0.179,1575500,-2332000 ( -59.7% ),250,-346 ( -58.1% ),42987457000,5903154,20,062_레미제라블.xlsx
80,2013-03-08,8,0.002,15,0.001,1711,0.001,0.229,2754500,1179000 ( 74.8% ),392,142 ( 56.8% ),42990211500,5903546,16,062_레미제라블.xlsx
81,2013-03-09,9,0.002,20,0.001,2395,0.001,0.303,5620500,2866000 ( 104.0% ),726,334 ( 85.2% ),42995832000,5904272,19,062_레미제라블.xlsx
82,2013-03-10,9,0.002,19,0.001,2239,0.001,0.297,5138000,-482500 ( -8.6% ),666,-60 ( -8.3% ),43000970000,5904938,18,062_레미제라블.xlsx
83,2013-03-11,9,0.003,16,0.001,1750,0.001,0.131,1544000,-3594000 ( -69.9% ),230,-436 ( -65.5% ),43002514000,5905168,23,062_레미제라블.xlsx
84,2013-03-12,10,0.003,17,0.001,1950,0.001,0.191,2550500,1006500 ( 65.2% ),373,143 ( 62.2% ),43005064500,5905541,21,062_레미제라블.xlsx
85,2013-03-13,10,0.003,17,0.001,1944,0.001,0.21,2906500,356000 ( 14.0% ),408,35 ( 9.4% ),43007971000,5905949,19,062_레미제라블.xlsx
86,2013-03-14,5,0.001,8,0.001,1094,0.001,0.154,1088000,-1818500 ( -62.6% ),169,-239 ( -58.6% ),43009059000,5906118,26,062_레미제라블.xlsx
87,2013-03-15,5,0.001,8,0.001,1094,0.001,0.178,1337000,249000 ( 22.9% ),195,26 ( 15.4% ),43010396000,5906313,23,062_레미제라블.xlsx
88,2013-03-16,5,0.001,7,0.001,986,0.0,0.283,2211000,874000 ( 65.4% ),279,84 ( 43.1% ),43012607000,5906592,24,062_레미제라블.xlsx
89,2013-03-17,5,0.001,7,0.001,986,0.0,0.298,2155000,-56000 ( -2.5% ),294,15 ( 5.4% ),43014762000,5906886,23,062_레미제라블.xlsx
